cost/Sarr_700_corridor_cum_curmap.asc
ncols         958
nrows         720
xllcorner     0.0
yllcorner     0.0
cellsize      5000.0
NODATA_value  -9999
[rows 288 to 319 of 720, columns 365 to 437 of 958]
2.524791912 2.340515285 1.953286557 1.572891541 1.520001955 1.714846312 1.699840625 1.587175627 1.635016157 1.70546788 1.73991032 1.761269897 1.747934146 1.720751297 1.994264833 1.832993936 1.81255164 1.785051523 1.7754706 1.838359714 1.806865602 1.671659518 1.698833427 1.774909088 1.837971085 1.952914024 2.064823914 2.318473557 2.324212646 2.596773539 2.793130433 2.250873702 1.508033623 1.493155075 1.95071348 2.021899315 1.89551176 1.747112616 1.684180115 1.714450324 1.34366301 0.7295290174 0 0 0 0 0 0 0 0 0 0 0 0 0 0 0 0 0 0 0 0 0 0 0 0 0 0 0 0 0 0 0
2.711738621 2.352681833 2.094442299 1.713887151 1.604249934 1.673884488 1.654296078 1.704955753 1.733604007 1.7112798 1.734895922 1.764354795 1.746141491 1.735258593 1.870625684 1.838217034 1.897938511 1.779129842 1.819251229 1.789774046 1.830788194 1.711572271 1.717728666 1.772933256 1.828122678 1.955481366 2.173410516 2.461464596 2.619425325 2.596380866 2.549652209 2.239135969 2.054489542 0 2.011269206 2.007524633 1.912189625 1.765885477 1.786426964 1.801467552 1.481535928 0.7808934152 0 0 0 0 0 0 0 0 0 0 0 0 0 0 0 0 0 0 0 0 0 0 0 0 0 0 0 0 0 0 0
2.7121429 2.441713682 2.252487596 1.999121512 1.743257278 1.770294434 1.694619067 1.789273801 1.815128117 1.802556576 1.807572722 1.776116583 1.720865233 1.738379449 1.812347805 1.866285865 1.839195618 1.885381841 1.80901438 1.782578094 1.812356062 1.904747373 1.670595973 1.769752627 1.841492938 1.867349529 2.192688468 2.77738949 2.748736575 2.643677488 2.369865129 2.170355906 1.853950906 1.482994286 1.43395557 1.830736833 1.832591524 1.828819173 1.917287891 1.967135484 1.636188424 0.7802805902 0 0 0 0 0 0 0 0 0 0 0 0 0 0 0 0 0 0 0 0 0 0 0 0 0 0 0 0 0 0 0
2.608880408 2.403016409 2.207236178 2.12473402 1.84839582 1.854617077 1.873403827 1.907605421 1.909589144 1.840851395 1.934700011 1.957667515 1.700346924 1.724407157 1.803322456 1.893509959 1.894281145 1.838169186 1.889708164 1.772330077 1.75000643 2.009912435 1.710980975 1.740897083 1.84976282 1.899123987 2.170538015 2.778289409 2.728546655 2.550476921 2.362370313 2.06570964 1.843942503 1.695839523 1.66592325 1.830990921 1.781904621 1.893749473 2.011342714 2.299977996 2.660415101 0 0 0.1468535017 0.1053585399 0 0 0 0 0 0 0 0 0 0 0 0 0 0 0 0 0 0 0 0 0 0 0 0 0 0 0 0
2.650502093 2.380480256 2.276419537 2.203650646 1.971780784 1.887324715 1.906779191 2.004953036 2.100256324 2.030924353 1.847024772 1.856914921 1.98790398 1.814875825 1.778458537 1.924529106 1.928388504 1.893122183 1.852729933 1.847710356 1.831738192 1.852428313 1.812949413 1.780959342 1.880835173 2.039630604 2.235366915 2.396620497 2.718272446 2.583510269 2.22211596 1.995966362 1.880935945 1.813587895 1.73578737 1.743027281 1.825094482 1.959509955 2.027618082 2.205605503 2.439568472 1.738513866 0.7971620176 0.3633364493 0.2397056369 0.122753961 0 0 0 0 0 0 0 0 0 0 0 0 0 0 0 0 0 0 0 0 0 0 0 0 0 0 0
2.580145116 2.366026644 2.237575675 2.216167997 2.241900248 2.070352057 2.116637336 2.098964298 2.175907601 2.020155121 1.944653504 1.79593115 1.992290423 1.917900751 1.880348883 1.946598946 2.116954063 1.899336688 1.89904839 1.898212157 1.871489712 1.87830645 1.854989151 1.830579718 2.000796053 2.093227261 2.475801991 2.218416982 2.429536625 2.420281699 2.184423702 2.001753647 1.896584648 1.925809229 1.882205205 1.739978038 1.778667594 1.905987307 2.176854778 2.121328828 1.836825389 1.534842368 1.043523973 0.6056005744 0.3477021005 0.2071890019 0.1012709784 0.02398236494 0.006084749 0.001454471064 0 0 0 0 0 0 0 0 0 0 0 0 0 0 0 0 0 0 0 0 0 0 0
2.512407835 2.186460738 2.050862447 2.013014563 2.010534972 2.13529425 2.234844927 2.544008653 2.144536142 1.958928935 2.10462669 1.807089394 1.815041529 1.854929552 1.983282086 1.99208979 2.064562812 2.22888425 1.965634947 1.810490338 1.829457919 2.167891184 1.863663857 1.996186274 2.078262224 2.298275588 2.195698403 2.322453661 2.295845183 2.323336236 2.138702497 2.019006472 1.918767729 1.827444457 1.839297046 1.761333179 1.73331641 1.826382978 1.958485937 2.041312718 1.676676237 1.364597904 1.008412946 0.7057354286 0.448291557 0.2081862167 0.08904924723 0.03151171232 0.01090772731 0.002891055096 0 0 0 0 0 0 0 0 0 0 0 0 0 0 0 0 0 0 0 0 0 0 0
2.468558559 2.208243837 2.038256636 1.922168638 1.968123188 2.078544176 2.269753267 2.760727951 2.41221885 2.086603826 1.932656435 1.897594479 1.852192504 1.859688226 1.928284523 2.234895458 2.211434504 2.01751726 2.063018851 1.86138693 1.811828708 1.905384755 2.006125228 2.058512108 2.172841774 2.293257946 2.217883597 2.218039239 2.468223922 2.257367662 2.146490718 2.069524179 1.924833986 1.861579953 1.81698638 1.761722816 1.748446325 1.784735673 1.947268661 1.914299687 1.640315444 1.361108878 1.098404966 0.8057131901 0.5718517558 0.302770058 0.06318431506 0.02798431459 0.01253554434 0 0 0 0 0 0 0 0 0 0 0 0 0 0 0 0 0 0 0 0 0 0 0 0
2.371862351 2.189020777 2.049880752 1.893589923 1.801180629 1.956114891 2.220871289 2.751192903 2.896374298 2.263481387 2.06177058 1.829631221 1.856174428 1.959776015 2.164712571 2.276930267 2.126226548 2.105435191 2.090435885 1.917255054 1.858820062 1.889120416 1.953834371 2.078175268 2.148652237 2.274488558 2.238478027 2.237030171 2.214542225 2.341342122 2.169675261 2.179707385 2.052177322 1.845182239 1.852262065 1.826083215 1.763517039 1.752756869 1.877244209 1.825977729 1.719830839 1.453195394 1.164925925 1.015713772 0.766778017 0 0.03275700634 0.01515463372 0.004219131331 0 0 0 0 0 0 0 0 0 0 0 0 0 0 0 0 0 0 0 0 0 0 0 0
2.342796413 2.162591696 2.015939207 1.966362967 1.8487948 1.892166022 1.99272445 2.681293015 2.827747066 2.590006658 2.303437363 1.888005688 1.872149107 1.897714865 2.124054184 2.178417145 2.167207407 2.139094318 2.297712756 2.001823301 1.826400581 1.877316773 1.974110237 2.019843771 2.070776749 2.235435278 2.287108436 2.181040917 2.209461494 2.196258947 2.199663258 2.239491585 2.122595738 1.958311861 1.905809401 1.846787425 1.828563538 1.800466356 1.776779948 1.858721581 1.642940708 1.410113057 1.271883945 1.225465247 0.8178331656 0 0 0 0 0 0 0 0 0 0 0 0 0 0 0 0 0 0 0 0 0 0 0 0 0 0 0 0
2.368839982 2.081373145 1.999745215 1.980400107 1.939593017 1.885685746 1.98923423 2.6497253 2.80979197 2.242640503 2.160492137 1.999370131 1.889064772 1.941821286 2.132469768 2.172155221 2.168992799 2.172216693 2.348441048 2.180541627 1.91400553 1.865784375 1.994415777 2.056887117 2.028829627 2.109910278 2.396687825 2.225095777 2.172644953 2.1659651 2.187308399 2.155750595 2.194400141 2.171233342 1.986949358 1.923459943 1.927530308 1.79307889 1.725571137 1.841450776 1.551349581 1.37940342 1.330932223 1.293258493 1.156313819 0 0 0 0 0 0 0 0 0 0 0 0 0 0 0 0 0 0 0 0 0 0 0 0 0 0 0 0
2.482057411 2.117906475 2.038343212 1.997620703 1.999996806 1.956459112 1.994120144 2.719394059 2.661657239 2.238578362 2.12342686 2.025179918 1.883999421 1.922546682 2.100652612 2.150090815 2.167657683 2.329842234 2.22837328 2.263366399 1.977600259 1.944809473 2.020659395 2.034357475 2.04987105 2.16718517 2.198697601 2.175190047 2.338503831 2.079797036 2.121002648 2.185973709 2.175781674 2.270471739 2.120038899 2.317714165 1.924428332 1.823916327 1.690157306 1.805513936 1.514042092 1.352771353 1.26560066 1.252220806 1.142445674 0.6629249427 0 0 0 0 0 0 0 0 0 0 0 0 0 0 0 0 0 0 0 0 0 0 0 0 0 0 0
2.709900304 2.342338777 2.104052314 2.083938261 2.177670565 2.007152122 2.188488327 2.671478784 2.439282812 2.129678316 2.158378005 2.135589201 1.861510959 1.901375586 2.072586453 2.079871506 2.306603336 2.282226761 2.284334178 2.140792894 2.065211007 2.04279999 2.211706139 1.960787099 2.103165331 2.173750164 2.167238008 2.259273836 2.289418267 2.024865104 2.057423947 2.237684493 2.137852024 2.289895459 2.666701281 2.108179161 2.227621012 1.775758044 1.714879002 1.713110213 1.546803341 1.365119064 1.237154808 1.167235961 1.030989993 0.8231896806 0.374996808 0 0 0 0 0 0 0 0 0 0 0 0 0 0 0 0 0 0 0 0 0 0 0 0 0 0
3.05740056 2.613934688 2.300483393 2.152298049 2.244903376 2.262340769 2.357418837 2.469242292 2.404763431 2.126121521 2.11230924 2.140677796 1.842308203 1.851762401 2.086087205 2.222214361 2.302372859 2.372677142 2.186942118 2.111832897 2.093378557 2.146804272 2.12154552 2.035858583 2.132297261 2.260002263 2.20380877 2.01859078 2.113604805 2.14902506 2.056296191 2.187369342 2.151294722 2.243957174 2.711624307 2.466565405 2.212474332 1.838595381 1.693181183 1.725238365 1.540692062 1.401729604 1.260732 1.117644466 0.97975584 0.8547165772 0.5430749071 0 0 0 0 0 0 0 0 0 0 0 0 0 0 0 0 0 0 0 0 0 0 0 0 0 0
2.962881333 2.728948344 2.818558558 2.202029646 2.255560485 2.332755909 2.357921636 2.540437955 2.412978321 2.176391712 2.184306104 2.112644172 1.848715703 1.764122323 1.916554578 2.081841109 2.31974856 2.391239563 2.383784528 2.167211879 2.177396198 2.211193239 2.111823538 2.169767886 2.207864406 2.323192703 2.048037047 2.081984072 2.065533916 2.053168526 2.171373541 2.220462658 2.156285793 2.245695835 2.710570857 2.573934369 2.228734873 1.867012364 1.769825107 1.705709211 1.585469922 1.468390572 1.291643806 1.136254901 0.9784851715 0.8962376689 0.6015844695 0 0 0 0 0 0 0 0 0 0 0 0 0 0 0 0 0 0 0 0 0 0 0 0 0 0
2.611321224 2.514596663 2.687975661 2.342842658 2.247592119 2.371377215 2.359380839 2.406092767 2.547253035 2.377583457 2.115320707 2.086859648 1.979118097 1.741519737 1.842055273 2.166299045 2.235954487 2.288877933 2.370978842 2.188970885 2.209009979 2.313270635 2.240011147 2.273449417 2.453423222 2.167588253 2.058866905 1.994432867 2.116747437 2.1087056 2.176902061 2.306585813 2.264437293 2.370431449 2.67888181 2.666609144 2.06936345 1.901751146 1.85711551 1.736955303 1.613141076 1.479167681 1.433906647 1.185634572 1.029455452 0.8968028735 0.614713582 0 0 0 0 0 0 0 0 0 0 0 0 0 0 0 0 0 0 0 0 0 0 0 0 0 0
2.400605042 2.386446808 2.559605285 2.431399793 2.237506365 2.315645972 2.50261303 2.480823647 2.409341232 2.378902217 2.222985587 2.13775225 1.921890985 1.779977269 1.735614662 2.091381578 2.2402921 2.254028168 2.331483189 2.092557011 2.14409064 2.502021791 2.641170948 2.636608724 2.162322776 2.047348508 2.057463839 1.975133858 1.982699888 2.219422234 2.239099687 2.303203361 2.35477573 2.533469124 2.505976721 2.713510538 2.178497597 1.892544826 1.875304503 1.924012917 1.628287794 1.550087513 1.41562827 1.295012578 1.100290914 0.9180414608 0.6033441504 0 0 0 0 0 0 0 0 0 0 0 0 0 0 0 0 0 0 0 0 0 0 0 0 0 0
2.377032137 2.349359713 2.443161754 2.413980036 2.212235727 2.245932535 2.500688235 2.448346049 2.45168466 2.346508281 2.14788756 2.125437916 1.948278478 1.800098499 1.764890148 1.875468337 2.172968528 2.228849295 2.211113351 2.18347423 2.001708008 2.204859602 2.76553396 2.67124537 2.428346003 2.050936205 2.04638435 1.95431198 1.956124999 2.214337423 2.258143675 2.213909432 2.473069278 2.747980327 2.449627881 2.684379215 2.21136766 2.023129075 1.951127669 1.881175603 1.728171085 1.607186298 1.511557966 1.368806358 1.234775686 1.014460826 0.5090165217 0 0 0 0 0 0 0 0 0 0 0 0 0 0 0 0 0 0 0 0 0 0 0 0 0 0
2.543759266 2.4284197 2.318948887 2.528527584 2.180927702 2.384709209 2.462764326 2.46233123 2.375571979 2.340319672 2.284742008 2.116140498 2.058757461 1.847677314 1.803573034 1.845157276 2.106552166 2.181922583 2.04357773 2.064622663 2.02139028 2.084337076 2.537823698 2.761465762 2.304568805 2.162662138 2.311125567 1.937289608 1.989856061 2.227236771 2.342803069 2.218656936 2.353370807 2.791284375 2.577133691 2.541650984 2.428718273 2.17877125 2.042319953 1.946374703 1.84234909 1.706411741 1.592730788 1.467150225 1.433285552 1.246005891 0 0 0 0 0 0 0 0 0 0 0 0 0 0 0 0 0 0 0 0 0 0 0 0 0 0 0
2.356285798 2.370989822 2.413780755 2.375141341 2.301263412 2.34526467 2.49651857 2.480774272 2.434127427 2.176821164 2.148114029 2.248864064 1.982191834 1.911537654 1.899453819 1.890888479 1.943863555 2.1658177 1.998475048 2.115519434 1.976503741 2.063090117 2.269139858 2.472663858 2.366601464 2.149475312 2.155387671 2.074424343 2.041546853 2.199522209 2.327535667 2.335326146 2.37236511 2.553496685 2.603733155 2.490314584 2.469711183 2.351993271 2.216609303 2.060921113 1.972815304 1.81862199 1.72695003 1.617743564 1.535764966 1.007921758 0 0 0 0 0 0 0 0 0 0 0 0 0 0 0 0 0 0 0 0 0 0 0 0 0 0 0
2.17943723 2.379134597 2.260581784 2.296456477 2.289674883 2.252904151 2.54398129 2.502522569 2.507813052 2.204159041 2.145233926 2.197493945 2.073939409 2.021182008 1.938754944 2.00397399 1.947534072 2.075900513 2.101453926 2.126564634 1.920190468 1.989965217 2.194498163 2.277331795 2.272897534 2.180020388 2.183947022 2.110867417 2.017404989 2.141907219 2.277200548 2.418007662 2.382163616 2.582229564 2.655982295 2.475908261 2.375489327 2.403031257 2.489953057 2.215434688 2.040849476 1.977981305 1.911692301 1.927719753 1.611404553 0.7864652214 0 0 0 0 0 0 0 0 0 0 0 0 0 0 0 0 0 0 0 0 0 0 0 0 0 0 0
2.105966384 2.190056713 2.256473643 2.310125079 2.261528442 2.26044332 2.364592204 2.582432405 2.359944896 2.276881912 2.221473915 2.168834842 2.068245466 2.057106129 2.147574407 1.95938974 1.916278009 1.959552086 2.210810988 2.043308873 2.014301077 1.938969338 2.013013196 2.216448312 2.230995087 2.151038766 2.277378453 2.264395953 2.019692607 2.127792369 2.367579962 2.452885521 2.34650812 2.449299433 2.741925552 2.505914276 2.36704439 2.394343561 2.645842022 2.435972676 2.20968219 2.145099094 2.144265677 2.229304716 1.860069075 0 0 0 0 0 0 0 0 0 0 0 0 0 0 0 0 0 0 0 0 0 0 0 0 0 0 0 0
2.051294368 2.106441449 2.224900037 2.29857888 2.356950885 2.307801656 2.421294728 2.456583403 2.275278836 2.248470432 2.3723839 2.202072101 2.152631748 2.135471742 2.112487016 2.029595918 1.954875181 1.922150142 2.026607941 2.114795672 2.023847816 1.920049423 1.961575742 2.077614088 2.172962402 2.169617839 2.159327066 2.155406162 2.08490426 2.18182586 2.294674936 2.406309725 2.475157852 2.396436918 2.530534985 2.694072818 2.482338048 2.465062566 2.673468897 2.550416055 2.443958949 2.384866434 2.333985249 2.322332391 1.564225221 0 0 0 0 0 0 0 0 0 0 0 0 0 0 0 0 0 0 0 0 0 0 0 0 0 0 0 0
2.0734689 2.131349783 2.167864648 2.279184378 2.367735818 2.470851139 2.489403117 2.391110751 2.314649089 2.240276236 2.40866903 2.283475657 2.275560672 2.228202161 2.206521458 2.017331979 2.194560272 1.908086834 1.940390774 2.039837633 1.96007732 1.873405624 1.949704231 1.968469138 2.110895385 2.174031816 2.086389615 2.164414549 2.122751314 2.082403043 2.230050167 2.323360224 2.566794393 2.502654887 2.460834268 2.52056408 2.584631003 2.655227697 2.697293607 2.67651512 2.671149894 2.56927166 2.531603783 2.351199139 1.531716561 0 0 0 0 0 0 0 0 0 0 0 0 0 0 0 0 0 0 0 0 0 0 0 0 0 0 0 0
2.062468195 2.214091458 2.264138034 2.285842401 2.335915154 2.540415496 2.644083777 2.427784653 2.344616044 2.335291118 2.281777743 2.482487003 2.439578335 2.410455172 2.30422273 2.187506396 2.154673301 1.97116967 1.994798491 2.002077235 1.84386854 1.863142558 1.91654488 2.020805972 2.036936717 2.070124823 2.113353004 2.170002699 2.164362486 2.111528027 2.152850866 2.250223312 2.360806227 2.617373052 2.582224475 2.56919624 2.56160333 2.700287814 2.955291136 2.890988386 2.814172292 2.758133556 2.741649637 2.579723058 1.450794472 0 0 0 0 0 0 0 0 0 0 0 0 0 0 0 0 0 0 0 0 0 0 0 0 0 0 0 0
2.046372799 2.271138871 2.39662242 2.30388477 2.373754642 2.61356823 2.651831686 2.624707309 2.401983145 2.43524106 2.436625017 2.416395696 2.536024902 2.533124911 2.426102201 2.26551716 2.145767694 2.247572338 2.013923341 1.905357488 1.912952056 1.787008577 1.908248321 2.108740568 2.044432023 2.025217203 1.89262999 2.154319568 2.27181643 2.177032848 2.207615569 2.174612609 2.275599956 2.509388555 2.726437166 2.628071466 2.672474149 2.752963724 3.170847691 3.247957211 3.180784596 2.892239932 2.850105166 2.745177322 1.701826709 0 0 0 0 0 0 0 0 0 0 0 0 0 0 0 0 0 0 0 0 0 0 0 0 0 0 0 0
1.749312718 2.02019524 2.289923833 2.265033357 2.36203659 2.791450722 2.715099386 2.770908593 2.59934592 2.577266211 2.533050777 2.555824522 2.657585039 2.707116584 2.583797264 2.45686552 2.197314051 2.041545269 2.194483102 2.039452439 1.82531043 1.884828529 1.904236894 2.0432374 2.158097852 2.120554601 1.923603778 1.977857508 2.084074003 2.243678772 2.212860065 2.145691871 2.216578946 2.457194417 2.545070072 2.566769653 2.583291925 2.866984627 3.109337977 3.586497802 3.532095347 3.135511444 3.124798081 2.985837838 1.944288042 0 0 0 0 0 0 0 0 0 0 0 0 0 0 0 0 0 0 0 0 0 0 0 0 0 0 0 0
1.698496255 1.835697642 2.003106298 2.202784797 2.450627612 2.439871649 2.482880439 2.996174548 2.964521568 2.854547244 2.812608071 2.754760608 2.86768856 2.978234044 3.221479124 2.510783433 2.214934158 2.057596089 2.093120832 1.964132871 1.904403708 1.889408432 2.065024214 2.013907079 2.088623217 2.186070869 1.970213943 1.941590744 2.049070249 2.148069941 2.155241291 2.123082384 2.225971472 2.364835856 2.669852826 2.431765305 2.584613028 2.740278067 3.13664256 3.743431467 3.746737176 3.407008768 3.478807679 3.405287135 2.43368324 0 0 0 0 0 0 0 0 0 0 0 0 0 0 0 0 0 0 0 0 0 0 0 0 0 0 0 0
1.649301698 1.76619006 1.828343642 1.935150858 2.455567836 2.495095353 2.240555135 2.465520425 2.736483955 3.118950205 3.050166399 3.0846181 2.988659662 3.280062427 3.977836849 2.906196041 2.365295819 2.148346738 2.055561108 1.965852617 1.868255924 2.036215435 2.067273989 2.06366256 2.118979972 2.07556009 2.144391752 2.083899629 2.100470154 2.152970654 2.133722187 2.06840591 2.212868229 2.326459237 2.461341426 2.530822995 2.531338563 2.66455707 3.054898992 3.824122036 3.846441261 3.532360139 3.659365463 3.982413171 3.703301558 0 0 0 0 0 0 0 0 0 0 0 0 0 0 0 0 0 0 0 0 0 0 0 0 0 0 0 0
1.572766318 1.679501447 1.851238472 1.844391779 2.024518069 2.178836789 2.210437692 2.19795742 2.374605975 2.750608951 2.93065027 2.975779449 2.928898044 3.087859311 3.733147497 3.917456061 2.682532312 2.290598298 2.13678651 1.972024109 1.898764103 2.016187223 2.062185187 2.085520877 2.119325325 2.185220446 2.229136799 2.227549997 2.239788666 2.265191182 2.103501842 2.139275689 2.142496072 2.214162312 2.549072819 2.507322882 2.527905508 2.782217792 3.001899252 3.599438086 3.685742537 3.843793401 3.720055585 3.878544548 3.931903557 2.888242695 0.7151388002 0 0 0 0 0 0 0 0 0 0 0 0 0 0 0 0 0 0 0 0 0 0 0 0 0 0
1.651776175 1.600190129 1.66794892 1.763531753 1.89898835 2.070932144 2.106042174 2.24650773 2.089898563 2.522067015 2.671611338 2.802869228 3.010156677 3.159389824 3.202328282 4.207162184 3.185207703 2.571169148 2.188872848 2.216356782 2.053897273 2.000387616 2.055719353 2.137879761 2.10629954 2.194034485 2.233296923 2.319633605 2.34416326 2.317700095 2.307595836 2.133458254 2.129625018 2.145651707 2.285686088 2.457891648 2.453745483 2.786521186 3.395366196 3.560745413 3.320473963 3.607323227 3.546865751 3.842779846 3.385420175 3.344488669 2.730633151 0 0.4153050469 0 0 0 0 0 0 0 0 0 0 0 0 0 0 0 0 0 0 0 0 0 0 0 0
1.682444334 1.604915296 1.585925781 1.664995422 1.76842719 1.898458272 2.10467289 2.153731073 2.236407254 2.277100166 2.424640926 2.59463448 2.872322029 3.226702089 3.105268911 3.888321093 3.807902888 3.108596108 2.621893598 2.18607436 2.132330946 2.096265988 2.076783516 2.082780934 2.13651347 2.256137049 2.326272662 2.408612033 2.449675843 2.480513187 2.475814905 2.271054264 2.171404316 2.128721635 2.178076718 2.271514991 2.407117362 2.571419976 3.066991339 3.389774253 3.331296492 3.451671676 3.734876589 3.314526833 3.272767279 3.287459941 3.407119746 2.963706881 1.72862205 0 0 0 0 0 0 0 0 0 0 0 0 0 0 0 0 0 0 0 0 0 0 0 0
