0 0 1 2 3 4 5 6 7 8 9 10 11 12 13 14 15 16 17 18 19 20 21 22 23 24 25 26 27 28 29 30 31 32 33 34 35 36
0 0 48.69793157 62.34846567 50.37272442 51.48892847 52.37681962 53.69947791 52.07749118 54.97179559 57.36632285 60.71003327 58.39136578 59.48050098 58.50894188 56.38934429 57.53490279 66.08147458 65.88786767 72.85081456 71.55040373 68.60446171 85.76511407 61.29619105 60.94431837 61.29296636 65.71987882 82.72972983 88.90667571 85.03124212 68.65556531 103.6231093 71.58372525 65.71869864 61.92710971 67.61501918 84.50624912 76.07901563
1 48.69793157 0 47.12376095 36.35679798 38.12899926 38.58863467 40.4135892 39.71949684 41.81516432 43.89523591 47.08528635 44.69023365 45.8552265 45.04538226 43.24933507 44.90418292 53.52083022 52.16733224 59.13819466 57.85943283 54.9445251 72.12861926 47.64624384 47.25345576 47.57971926 51.99952364 69.00488879 75.18279129 71.30893883 54.93167655 89.89357381 57.85650032 51.99236424 48.1946235 53.8822413 70.77462277 62.34834139
2 62.34846567 47.12376095 0 37.23088879 42.36245907 39.98546021 43.71438026 44.97361998 45.23276658 46.2263836 48.81656513 46.03744852 47.57290867 47.37066504 46.57837359 49.41407672 58.15449964 53.4100183 60.42069782 59.24830908 56.4820705 73.7755376 49.23173075 48.64344521 48.85925334 53.24314624 70.22538095 76.40825862 72.54258864 56.15712604 91.08936948 59.0644654 53.20505761 49.37501037 55.06094503 71.95938536 63.5381356
3 50.37272442 36.35679798 37.23088879 0 24.99546512 20.04627259 25.66061617 28.19764058 27.27600409 27.6289618 29.96636411 27.16221989 28.73528789 28.79304753 28.57689811 32.15943226 40.97688905 34.54625049 41.55746611 40.39153805 37.64130571 54.95133021 30.3961364 29.78564654 29.99561109 34.37936904 51.36244566 57.54502639 53.67900462 37.2938922 72.22835115 40.20246012 34.34259574 30.51496013 36.20135909 53.09929229 44.67761467
4 51.48892847 38.12899926 42.36245907 24.99546512 0 26.3031681 26.29288808 28.07377876 28.57691875 31.02831467 34.50958651 32.36895821 33.29536931 32.23462497 30.35476744 32.79305446 41.56568541 39.91373669 46.85945509 45.51395347 42.50684503 59.62446546 35.17869712 34.90711291 35.30282563 39.74534027 56.76537745 62.94011421 59.06106921 42.68900912 77.66976842 45.62495123 39.75787644 35.98061119 41.66931739 58.557836 50.12835592
5 52.37681962 38.58863467 39.98546021 20.04627259 26.3031681 0 25.85162604 28.96019731 27.36902127 27.21006844 29.4800635 26.90442698 28.28338244 28.41352563 28.58879418 32.62542136 41.47847858 34.37052144 41.3573921 40.13281513 37.31056876 54.57542215 30.04198358 29.52475623 29.7968865 34.2030417 51.20164353 57.38074358 53.50916742 37.12961648 72.08526648 40.05059103 34.1872309 30.3826821 36.07067022 52.96420022 44.53887519
6 53.69947791 40.4135892 43.71438026 25.66061617 26.29288808 25.85162604 0 27.49052723 25.28789015 28.7577096 32.8444847 31.06858749 31.64193466 30.04782057 27.77503712 31.26047161 40.16027513 38.70088744 45.61109864 44.16838919 41.02252885 58.0366493 33.64950511 33.56099087 34.05729215 38.53166895 55.57177266 61.74224777 57.85613091 41.49116092 76.49708382 44.4419774 38.57086885 34.82109344 40.51106322 57.39446297 48.96074063
7 52.07749118 39.71949684 44.97361998 28.19764058 28.07377876 28.96019731 27.49052723 0 27.31347131 31.87821744 36.19887381 34.30916359 34.96506315 32.94020106 28.50443389 25.91016652 34.44790614 41.91248345 48.83047284 47.40592444 44.28015085 61.3032312 36.91407824 36.79952345 37.27626837 41.74345839 58.7785534 64.95015325 61.06582931 44.69906417 79.69813809 47.64587107 41.77589172 38.01864892 43.70811202 60.59293453 52.16039074
8 54.97179559 41.81516432 45.23276658 27.27600409 28.57691875 27.36902127 25.28789015 27.31347131 0 29.14946324 33.9106378 32.25070151 32.6817328 30.28583121 25.0612419 30.02905015 39.02228722 39.90936527 46.80462796 45.31768131 42.10243142 59.0582946 34.70746042 34.71098492 35.25224236 39.73981375 56.78772482 62.95660566 59.06776665 42.70552726 77.72064879 45.66182151 39.78931847 36.0495585 41.7398219 58.62138128 50.18613315
9 57.36632285 43.89523591 46.2263836 27.6289618 31.02831467 27.21006844 28.7577096 31.87821744 29.14946324 0 31.74574388 30.6757685 30.31831913 23.99122228 28.96757788 34.56368223 43.49984334 38.46901789 45.28004608 43.53963074 39.919064 56.5272871 32.39642264 32.9381412 33.73595597 38.29760994 55.38874834 61.54888367 57.64501054 41.2978539 76.36315369 44.28408304 38.40404464 34.71890511 40.41055025 57.28211046 48.83857332
10 60.71003327 47.08528635 48.81656513 29.96636411 34.50958651 29.4800635 32.8444847 36.19887381 33.9106378 31.74574388 0 30.53708961 23.88727756 32.34561807 34.70569496 39.42905787 48.32322379 38.63244867 45.31703478 43.22514376 39.18616223 55.71893418 31.48404486 32.61137518 33.78392093 38.45818781 55.61633728 61.76275565 57.8354931 41.51179828 76.6562534 44.54516839 38.65313646 35.05426837 40.74832539 57.60405702 49.14739493
11 58.39136578 44.69023365 46.03744852 27.16221989 32.36895821 26.90442698 31.06858749 34.30916359 32.25070151 30.6757685 30.53708961 0 28.56052666 31.37996301 33.16158548 37.67367571 46.5541779 31.26185544 37.86692584 36.30599746 34.45020946 52.95655095 27.63172519 25.43358351 26.29282896 31.08380887 48.36431542 54.47938664 50.50617412 34.22838008 69.57177369 37.37704641 31.45065081 28.07259417 33.78219654 50.59586495 42.1043683
12 59.48050098 45.8552265 47.57290867 28.73528789 33.29536931 28.28338244 31.64193466 34.96506315 32.6817328 30.31831913 23.88727756 28.56052666 0 30.67601833 33.42716844 38.17772555 47.07276096 36.75664043 43.3315988 40.89364393 36.31948439 52.52673231 28.41482587 30.2861819 31.81062671 36.58003899 53.79036166 59.92668128 55.98148304 39.6757975 74.87658497 42.74308105 36.84299927 33.30538301 38.99972357 55.84446514 47.37868616
13 58.50894188 45.04538226 47.37066504 28.79304753 32.23462497 28.41352563 30.04782057 32.94020106 30.28583121 23.99122228 32.34561807 31.37996301 30.67601833 0 29.65240355 35.46393414 44.40833991 39.22562071 45.98716545 44.08972037 40.20059449 56.55598283 32.59620424 33.49403644 34.44850021 39.05314536 56.16824109 62.32368301 58.41154867 42.07268587 77.16437631 45.07476109 39.19089601 35.53446115 41.22641104 58.09279171 49.64495674
14 56.38934429 43.24933507 46.57837359 28.57689811 30.35476744 28.58879418 27.77503712 28.50443389 25.0612419 28.96757788 34.70569496 33.16158548 33.42716844 29.65240355 0 29.06797173 38.14688137 40.84829899 47.7251652 46.1824476 42.8770948 59.7544346 35.45391078 35.57703218 36.1746097 40.67833222 57.73561952 63.90261341 60.01052095 43.65153753 78.67746401 46.61428551 40.74016009 37.01215564 42.70269653 59.58210849 51.14508285
15 57.53490279 44.90418292 49.41407672 32.15943226 32.79305446 32.62542136 31.26047161 25.91016652 30.02905015 34.56368223 39.42905787 37.67367571 38.17772555 35.46393414 29.06797173 0 27.54820641 45.30951125 52.21147474 50.74088078 47.54513659 64.5114155 40.15681515 40.13486284 40.65869569 45.14012261 62.18386437 68.35366874 64.46631653 48.10258806 83.11212767 51.05560658 45.18401408 41.43816877 47.12805169 64.01076479 55.57647246
16 66.08147458 53.52083022 58.15449964 40.97688905 41.56568541 41.47847858 40.16027513 34.44790614 39.02228722 43.49984334 48.32322379 46.5541779 47.07276096 44.40833991 38.14688137 27.54820641 0 54.18668119 61.09015467 59.62382935 56.4344174 73.40569033 49.0481209 49.01779877 49.53725032 54.01732712 71.06023622 77.23021521 73.34315547 56.97913377 91.98764973 59.93154579 54.06011223 50.31315233 56.00298954 72.88590981 64.45178919
17 65.88786767 52.16733224 53.4100183 34.54625049 39.91373669 34.37052144 38.70088744 41.91248345 39.90936527 38.46901789 38.63244867 31.26185544 36.75664043 39.22562071 40.84829899 45.30951125 54.18668119 0 36.94539894 41.47228041 42.12173272 61.10137197 35.81870304 31.42856791 26.1762951 13.81616691 45.84515588 51.14665365 44.30733015 30.93178486 69.44166262 36.18858967 30.05405968 29.63067572 35.04913441 51.37393107 42.47517487
18 72.85081456 59.13819466 60.42069782 41.55746611 46.85945509 41.3573921 45.61109864 48.83047284 46.80462796 45.28004608 45.31703478 37.86692584 43.3315988 45.98716545 47.7251652 52.21147474 61.09015467 36.94539894 0 45.30253591 47.88702895 67.29607698 41.90520354 36.4334013 28.76208624 36.59369091 56.55430603 62.32590427 57.56007956 42.08217786 79.01427823 46.24205 40.15929777 38.40129947 44.00143302 60.54215905 51.82367677
19 71.55040373 57.85943283 59.24830908 40.39153805 45.51395347 40.13281513 44.16838919 47.40592444 45.31768131 43.53963074 43.22514376 36.30599746 40.89364393 44.08972037 46.1824476 50.74088078 59.62382935 41.47228041 45.30253591 0 41.50348803 63.35170611 37.69608445 30.17515461 34.66165917 41.2520776 59.31768965 65.30855149 61.08171116 45.0593865 81.02259747 48.59419174 42.59632916 39.87367855 45.55036768 62.25228467 53.66792885
20 68.60446171 54.9445251 56.4820705 37.64130571 42.50684503 37.31056876 41.02252885 44.28015085 42.10243142 39.919064 39.18616223 34.45020946 36.31948439 40.20059449 42.8770948 47.54513659 56.4344174 42.12173272 47.88702895 41.50348803 0 53.77749931 29.38302358 32.39290467 36.51004687 41.9294372 59.47343159 65.5481211 61.48990971 45.29778556 80.83439975 48.56866798 42.62247146 39.4480288 45.14005737 61.92028758 53.40097671
21 85.76511407 72.12861926 73.7755376 54.95133021 59.62446546 54.57542215 58.0366493 61.3032312 59.0582946 56.5272871 55.71893418 52.95655095 52.52673231 56.55598283 59.7544346 64.5114155 73.40569033 61.10137197 67.29607698 63.35170611 53.77749931 0 47.8361907 53.06507119 55.82980425 60.91704205 78.295309 84.39994852 80.39747468 64.149324 99.52448833 67.32201108 61.39757147 58.04903782 63.74298504 80.55401033 72.06025662
22 61.29619105 47.64624384 49.23173075 30.3961364 35.17869712 30.04198358 33.64950511 36.91407824 34.70746042 32.39642264 31.48404486 27.63172519 28.41482587 32.59620424 35.45391078 40.15681515 49.0481209 35.81870304 41.90520354 37.69608445 29.38302358 47.8361907 0 27.30801678 30.44865587 35.63200801 53.0631595 59.15753339 55.13685466 38.90698302 74.33944199 42.11415888 36.18152733 32.89530992 38.58954191 55.38938725 46.8863592
23 60.94431837 47.25345576 48.64344521 29.78564654 34.90711291 29.52475623 33.56099087 36.79952345 34.71098492 32.9381412 32.61137518 25.43358351 30.2861819 33.49403644 35.57703218 40.13486284 49.01779877 31.42856791 36.4334013 30.17515461 32.39290467 53.06507119 27.30801678 0 25.1364172 31.22078102 49.08838056 55.10481268 50.93758787 34.85505964 70.70328869 38.31598017 32.32848571 29.48990026 35.17614025 51.8973261 43.32900278
24 61.29296636 47.57971926 48.85925334 29.99561109 35.30282563 29.7968865 34.05729215 37.27626837 35.25224236 33.73595597 33.78392093 26.29282896 31.81062671 34.44850021 36.1746097 40.65869569 49.53725032 26.1762951 28.76208624 34.66165917 36.51004687 55.82980425 30.44865587 25.1364172 0 25.88591753 45.19502598 51.00742591 46.38690993 30.76168287 67.55838324 34.82604917 28.74535943 26.87599399 32.49500144 49.05324938 40.34940736
25 65.71987882 51.99952364 53.24314624 34.37936904 39.74534027 34.2030417 38.53166895 41.74345839 39.73981375 38.29760994 38.45818781 31.08380887 36.58003899 39.05314536 40.67833222 45.14012261 54.01732712 13.81616691 36.59369091 41.2520776 41.9294372 60.91704205 35.63200801 31.22078102 25.88591753 0 45.8251644 51.15702477 44.53923739 30.93892645 69.36742275 36.13604928 30.00171743 29.51942689 34.94746958 51.28177226 42.39096719
26 82.72972983 69.00488879 70.22538095 51.36244566 56.76537745 51.20164353 55.57177266 58.7785534 56.78772482 55.38874834 55.61633728 48.36431542 53.79036166 56.16824109 57.73561952 62.18386437 71.06023622 45.84515588 56.55430603 59.31768965 59.47343159 78.295309 53.0631595 49.08838056 45.19502598 45.8251644 0 61.74865649 62.97642559 41.98731909 81.66148217 46.71642112 42.09921832 44.60057449 49.17046914 64.85166853 55.40949437
27 88.90667571 75.18279129 76.40825862 57.54502639 62.94011421 57.38074358 61.74224777 64.95015325 62.95660566 61.54888367 61.76275565 54.47938664 59.92668128 62.32368301 63.90261341 68.35366874 77.23021521 51.14665365 62.32590427 65.30855149 65.5481211 84.39994852 59.15753339 55.10481268 51.00742591 51.15702477 61.74865649 0 67.22311077 40.29220516 89.52003068 55.32733665 49.67630602 51.2940308 56.23702147 72.18263464 62.96494257
28 85.03124212 71.30893883 72.54258864 53.67900462 59.06106921 53.50916742 57.85613091 61.06582931 59.06776665 57.64501054 57.8354931 50.50617412 55.98148304 58.41154867 60.01052095 64.46631653 73.34315547 44.30733015 57.56007956 61.08171116 61.48990971 80.39747468 55.13685466 50.93758787 46.38690993 44.53923739 62.97642559 67.22311077 0 47.28995809 87.43843538 53.88020206 47.79077204 48.15078005 53.42309392 69.61780606 60.61003993
29 68.65556531 54.93167655 56.15712604 37.2938922 42.68900912 37.12961648 41.49116092 44.69906417 42.70552726 41.2978539 41.51179828 34.22838008 39.6757975 42.07268587 43.65153753 48.10258806 56.97913377 30.93178486 42.08217786 45.0593865 45.29778556 64.149324 38.90698302 34.85505964 30.76168287 30.93892645 41.98731909 40.29220516 47.28995809 0 69.29472305 35.11955034 29.42773771 31.04445374 35.9956021 51.94642839 42.73321853
30 103.6231093 89.89357381 91.08936948 72.22835115 77.66976842 72.08526648 76.49708382 79.69813809 77.72064879 76.36315369 76.6562534 69.57177369 74.87658497 77.16437631 78.67746401 83.11212767 91.98764973 69.44166262 79.01427823 81.02259747 80.83439975 99.52448833 74.33944199 70.70328869 67.55838324 69.36742275 81.66148217 89.52003068 87.43843538 69.29472305 0 63.0038964 64.18634441 63.22414921 61.83878297 71.76246187 56.94578321
31 71.58372525 57.85650032 59.0644654 40.20246012 45.62495123 40.05059103 44.4419774 47.64587107 45.66182151 44.28408304 44.54516839 37.37704641 42.74308105 45.07476109 46.61428551 51.05560658 59.93154579 36.18858967 46.24205 48.59419174 48.56866798 67.32201108 42.11415888 38.31598017 34.82604917 36.13604928 46.71642112 55.32733665 53.88020206 35.11955034 63.0038964 0 30.12525271 32.15989058 34.78705236 49.09496879 38.46692868
32 65.71869864 51.99236424 53.20505761 34.34259574 39.75787644 34.1872309 38.57086885 41.77589172 39.78931847 38.40404464 38.65313646 31.45065081 36.84299927 39.19089601 40.74016009 45.18401408 54.06011223 30.05405968 40.15929777 42.59632916 42.62247146 61.39757147 36.18152733 32.32848571 28.74535943 30.00171743 42.09921832 49.67630602 47.79077204 29.42773771 64.18634441 30.12525271 0 26.6211464 31.3397967 47.1004188 37.73943615
33 61.92710971 48.1946235 49.37501037 30.51496013 35.98061119 30.3826821 34.82109344 38.01864892 36.0495585 34.71890511 35.05426837 28.07259417 33.30538301 35.53446115 37.01215564 41.43816877 50.31315233 29.63067572 38.40129947 39.87367855 39.4480288 58.04903782 32.89530992 29.48990026 26.87599399 29.51942689 44.60057449 51.2940308 48.15078005 31.04445374 63.22414921 32.15989058 26.6211464 0 26.21662424 43.42876844 35.27682825
34 67.61501918 53.8822413 55.06094503 36.20135909 41.66931739 36.07067022 40.51106322 43.70811202 41.7398219 40.41055025 40.74832539 33.78219654 38.99972357 41.22641104 42.70269653 47.12805169 56.00298954 35.04913441 44.00143302 45.55036768 45.14005737 63.74298504 38.58954191 35.17614025 32.49500144 34.94746958 49.17046914 56.23702147 53.42309392 35.9956021 61.83878297 34.78705236 31.3397967 26.21662424 0 36.58645061 31.2525693
35 84.50624912 70.77462277 71.95938536 53.09929229 58.557836 52.96420022 57.39446297 60.59293453 58.62138128 57.28211046 57.60405702 50.59586495 55.84446514 58.09279171 59.58210849 64.01076479 72.88590981 51.37393107 60.54215905 62.25228467 61.92028758 80.55401033 55.38938725 51.8973261 49.05324938 51.28177226 64.85166853 72.18263464 69.61780606 51.94642839 71.76246187 49.09496879 47.1004188 43.42876844 36.58645061 0 37.00320863
36 76.07901563 62.34834139 63.5381356 44.67761467 50.12835592 44.53887519 48.96074063 52.16039074 50.18613315 48.83857332 49.14739493 42.1043683 47.37868616 49.64495674 51.14508285 55.57647246 64.45178919 42.47517487 51.82367677 53.66792885 53.40097671 72.06025662 46.8863592 43.32900278 40.34940736 42.39096719 55.40949437 62.96494257 60.61003993 42.73321853 56.94578321 38.46692868 37.73943615 35.27682825 31.2525693 37.00320863 0
