cost/Sarr_700_corridor_cum_curmap.asc
ncols         958
nrows         720
xllcorner     0.0
yllcorner     0.0
cellsize      5000.0
NODATA_value  -9999
[rows 384 to 415 of 720, columns 146 to 218 of 958]
0 0 0 0 0 0 0 0.4864734084 0.8653766895 1.138680493 1.155152229 1.214790611 1.257985836 1.32121878 1.417206372 1.554519463 1.791703985 2.004237879 2.087249278 2.107411077 2.126726198 2.196760584 2.06259701 2.076197653 1.755344031 1.659702455 1.667026794 1.638792993 1.548782728 1.447049678 1.371166886 1.341209649 1.318200568 1.281109241 1.246703175 1.229617994 1.220995527 1.207578801 1.198647477 1.198891785 1.194624942 1.190839944 1.178972312 1.164356044 1.19038399 1.193122717 1.179414957 1.113822057 1.063836156 1.036202621 1.01844916 0.9946201641 1.007400593 1.042797377 1.076321087 1.100660044 1.187878161 1.111208387 1.167873488 1.290209734 1.501166437 1.658648461 1.739566644 1.827576318 1.978387777 2.249901172 2.299802333 2.231134482 2.271397365 2.429943523 2.404093551 2.338228008 1.99490479
0 0 0.02120845547 0.04213294123 0.0699255039 0.1309770001 0.3276840025 0.5627606926 0.7958393938 0.8913924222 0.9952840157 1.054783299 1.167525768 1.260685404 1.358816675 1.503672913 1.69225977 1.955577719 2.045507386 2.131995195 2.276497911 2.311103872 2.308756493 2.278426408 2.093153856 1.846927723 1.858003174 1.771864456 1.659354367 1.552615203 1.478706203 1.447723395 1.36852796 1.319561919 1.282140797 1.244607372 1.214694052 1.196562781 1.186560462 1.179355913 1.17367603 1.165785891 1.16781662 1.189202951 1.200535258 1.193388885 1.196772141 1.154523771 1.059396576 1.028723257 0.9998143699 0.9880552192 1.007962456 1.043534204 1.053996795 1.064838481 1.071097969 1.078927254 1.086782847 1.187945964 1.304502355 1.55888271 1.662236081 1.73519608 1.870657747 2.208779524 2.265475738 2.224914901 2.237338494 2.419906065 2.386230647 2.338676629 2.01988782
0.01098395904 0.0283129844 0.04570814128 0.0716551392 0.1191458454 0.1994722189 0.3362285413 0.5045049297 0.6383340363 0.8065339613 0.8307575074 0.9378430223 1.038046235 1.209263388 1.356952733 1.451858628 1.617935296 1.850167716 1.973996925 2.088929593 2.296995234 2.47573826 2.64204977 2.654725315 2.540157083 2.334236128 2.151546388 2.008146387 1.83352435 1.693508234 1.605742485 1.531609993 1.434413017 1.346704341 1.300874362 1.248147806 1.212248956 1.184147761 1.1736216 1.170963354 1.14889066 1.147561641 1.145191447 1.146664577 1.144806989 1.136315818 1.115267191 1.094055015 1.059175144 1.030623636 1.000402695 0.9830746329 0.9877100806 1.02909957 1.032710374 1.046070315 1.047971789 1.051098812 1.076917744 1.105018678 1.258576466 1.499911672 1.615800532 1.67235305 1.870419627 2.10291407 2.14611135 2.21382721 2.27521705 2.347456489 2.335464562 2.355639278 2.122584533
0.02040959856 0.03731281249 0.05664289529 0.08231406826 0.1206854367 0.1793094998 0.2652115023 0.4133467983 0.5683690614 0.6663406926 0.7918432046 0.8646933178 0.9521676797 1.1218436 1.293569911 1.426960103 1.587250748 1.796329476 1.908519694 2.102330702 2.267867745 2.529689841 2.98095969 3.46962036 3.342981069 3.229908799 2.736601954 2.441831763 2.051642001 1.850183921 1.711421288 1.592991825 1.490931708 1.383686342 1.304823575 1.2547305 1.2082639 1.229780809 1.216268065 1.150312862 1.135150346 1.127997049 1.122572879 1.124939792 1.121357112 1.101114969 1.090078879 1.062908689 1.044003509 1.019598382 1.042765951 0.9745811587 0.9688678265 0.9898543991 1.012183219 1.025351021 1.033643293 1.056215384 1.072675298 1.149255788 1.247497636 1.471407233 1.586534482 1.686217857 1.727985814 2.00015825 2.071526235 2.182846859 2.255727358 2.306401023 2.305271611 2.333382186 2.119618911
0.02465209279 0.04172794596 0.05841985656 0.07953140195 0.1098490741 0.1576203001 0.2225892713 0.3573622977 0.4908390325 0.6185037238 0.7194274772 0.7920099637 0.9148015146 1.049350843 1.228007352 1.378489597 1.574680987 1.76105652 1.932703943 2.083358179 2.33758431 2.649367669 3.171017358 4.091804581 6.13360533 5.504850752 4.606259409 2.792392906 2.232443838 1.941975821 1.80884772 1.614614858 1.515084135 1.428651312 1.337943816 1.250485313 1.204070937 1.242104734 1.215139671 1.130360259 1.113628271 1.160318983 1.188592689 1.117478966 1.087774588 1.083574224 1.066537793 1.046019321 1.022855494 1.018658335 0.9836154633 0.9735970867 0.9628481283 0.9669560817 0.9896350391 1.01609227 1.028832773 1.046732986 1.080363636 1.181214927 1.253110487 1.446549313 1.573753185 1.602920766 1.685105527 1.774991179 2.106498445 2.136232526 2.190849279 2.231780806 2.345282755 2.370337198 2.100489997
0.03653771007 0.04404716133 0.05371020575 0.07138769156 0.1008797244 0.1448788906 0.2090256746 0.3090681973 0.4319136603 0.5120282544 0.6063330687 0.7360995186 0.8539097859 1.016247653 1.199890415 1.376850707 1.562725826 1.774842614 1.900878419 2.033046491 2.265739508 2.651829852 3.275090524 4.508648967 6.993537887 0.9554338652 5.403365717 3.105974624 2.309270299 1.941621422 1.704692261 1.716464388 1.539850512 1.409542465 1.310413909 1.232826003 1.194840766 1.164582907 1.134906346 1.158974778 1.163803954 1.109093942 1.098048121 1.095646655 1.079413924 1.08539783 1.038613784 1.021615988 1.061008151 0.9921948266 0.9739517612 0.965081613 0.9586461471 0.9579419249 0.9978835156 1.004766541 1.019627601 1.039729545 1.051118297 1.054237115 1.164341746 1.422792909 1.531717938 1.580311668 1.637416468 1.689637888 2.002267126 2.069932417 2.063380776 2.219208593 2.42914123 2.448127564 2.140542591
0.02647594292 0.03950814621 0.05443323222 0.07324970858 0.09820641747 0.1404268066 0.1902272336 0.2616385594 0.3460636757 0.4433665807 0.5477720533 0.6973551631 0.8510806799 1.007674611 1.16652611 1.343064251 1.517582343 1.767628931 1.923658814 2.005953122 2.2035369 2.682158614 3.337710496 4.376451113 7.184842459 7.077508553 5.833591449 3.420285911 2.53950117 1.939773389 1.673881525 1.51371747 1.628035069 1.363470558 1.280548332 1.206679043 1.178561127 1.157225576 1.136463028 1.117236039 1.165917205 1.099867377 1.087698595 1.080855458 1.084645387 1.056858353 1.03172232 1.002954501 0.9853094797 0.9785620506 0.9725452727 0.9867072429 0.9691870471 0.9641789166 0.9658049569 0.9972573256 1.010171144 1.025773622 1.024561886 1.033658715 1.078874421 1.322419815 1.515194107 1.605752908 1.624454022 1.711396439 1.815135931 1.83158734 1.838774485 2.085394613 2.382505901 2.610314647 2.386273825
0.02071508878 0.03159716931 0.04621011271 0.06943753814 0.09516644999 0.1303067913 0.1748900271 0.2247360959 0.2884884771 0.3808069001 0.5140372396 0.6816353346 0.8877949981 1.09674729 1.263407669 1.392750599 1.487170404 1.642122637 1.830156355 2.004273452 2.282124847 2.732918572 3.373423838 4.035147381 4.474061591 4.597949429 4.128395177 3.502205699 2.566793089 2.073402921 1.674873855 1.486165632 1.377791137 1.359009142 1.263720277 1.199354191 1.176014597 1.159122727 1.139071069 1.11240602 1.091869026 1.08777887 1.092143041 1.151752075 1.107361344 1.082432529 1.022113599 0.9891568244 0.9748034266 0.9630784174 0.970608192 0.9772303994 0.9737272137 0.9721918503 0.9690460919 0.9681492497 1.000406468 0.9982108552 1.004071001 1.017850028 1.058653034 1.310341619 1.479333719 1.554521991 1.624131924 1.735617105 1.739244918 1.716431501 1.724706231 1.82533931 2.044716633 2.494762467 2.575519196
0.0170339098 0.02440162911 0.0331733184 0.05552031615 0.09625449916 0.1379573975 0.1689376932 0.2095525028 0.2626372308 0.3319304094 0.4351509101 0.611364741 0.8232335957 1.079751741 1.332815876 1.419685001 1.43859806 1.525932833 1.703985005 1.821679845 2.137758317 2.601970462 3.107882147 3.545958052 3.671888845 3.657001195 3.363054517 3.1818957 2.764508722 2.095835703 1.742254346 1.571706029 1.413280834 1.323879942 1.267667686 1.201984818 1.1899324 1.182401309 1.14867789 1.115800104 1.091555363 1.079536853 1.093751915 1.160765312 1.138982891 1.094423384 1.043334179 1.009328353 0.9676815301 0.9599745028 0.9670990967 0.9725845861 0.9815434593 0.9801954682 0.9718407647 1.034741617 1.001073466 0.9605515483 0.985690202 1.012687019 1.116498134 1.301560829 1.346304504 1.407443863 1.603507977 1.695750349 1.636112988 1.640365268 1.690184985 1.757914152 1.855714202 2.17037389 2.532166991
0.01372941368 0.01717089513 0.02485848027 0.03883604939 0.07200453157 0.119285557 0.1435029384 0.1846252492 0.2174147795 0.2434363877 0.3160490289 0.4473688856 0.4903114628 0.628955286 1.059508886 1.329772145 1.343355454 1.378693817 1.505671694 1.760411552 2.002180855 2.345772748 2.844395949 3.182591265 3.289894301 3.32343 3.195983316 2.998738037 2.799980897 2.286713937 1.891664719 1.630804041 1.414885371 1.332056725 1.288920573 1.236429911 1.198192631 1.184263624 1.16542887 1.14634425 1.105946547 1.078578443 1.082683145 1.134561718 1.081034179 1.052593986 1.045799208 1.035275578 0.9693364177 0.9568598672 0.9645092728 0.9714222497 1.001286048 1.010903778 0.9940621342 1.000478033 0.9699760282 0.9727555501 1.005798137 1.028761408 1.113931389 1.282395287 1.245323958 1.303722792 1.594738314 1.631100174 1.61830316 1.621763529 1.597136726 1.730884136 1.868262145 1.986237949 2.38578644
0.009359950512 0.01223205493 0.01587427592 0.02116207756 0 0 0.07073826964 0.1227103369 0.1362718745 0.1474291674 0.173509719 0 0 0 0 0.8760257469 1.153039755 1.222791553 1.39992296 1.552169443 1.872091107 2.283243807 2.479514256 3.274983037 3.197567308 3.174173761 3.094599314 3.091069541 2.90966547 2.535185299 2.143128008 1.767437324 1.478255874 1.353239176 1.333837467 1.266733649 1.223551052 1.174327143 1.160376136 1.135457805 1.103634331 1.066500497 1.055591191 1.063012126 1.026720284 1.006599157 0.9875376929 1.032254605 0.9674336208 0.9536144138 0.9602467409 0.9725849762 1.005388221 1.02883958 1.022940784 1.014995551 1.006484775 1.005965807 1.019779818 1.0378019 1.074376934 1.189739495 1.246173833 1.437164354 1.52430917 1.559163661 1.603285362 1.589693809 1.598074945 1.659025638 1.83529904 2.0611334 2.141754596
0.002812346598 0.006691907861 0.0069031266 0 0 0 0 0 0.0562659254 0.05997716849 0 0 0 0 0 0.2990850953 0.7714457645 0.9905084006 1.230446049 1.470610673 1.781564323 2.141230224 2.343816832 2.907402581 3.242742692 3.446387934 3.095909374 2.994112631 2.931519972 2.836796802 2.524532535 2.023204375 1.703348588 1.536866936 1.457557083 1.385275635 1.208666681 1.174020607 1.142000611 1.117117516 1.086500767 1.048904099 1.02424516 1.030877266 1.027874622 0.9906788563 0.9747202183 0.9577514552 0.9596677984 0.9461796139 0.9450245538 0.960614111 0.980203448 1.006506549 1.024799061 1.023717835 1.023712781 1.013969419 1.028029391 1.032148042 1.051151197 1.172940118 1.289261678 1.424525361 1.475666865 1.516984811 1.561196263 1.580479215 1.599167036 1.665364188 1.815001075 1.978359506 1.996608211
0.0007441601887 0 0 0 0 0 0 0 0 0 0 0 0 0 0 0 0.3558093329 0.7419464175 1.091696728 1.492454938 1.844203756 2.135112937 2.43963248 2.576825159 2.815359611 2.993434903 3.49078315 2.906585592 2.86066634 2.941082279 2.799467882 2.432452142 2.051643627 1.854877944 1.66304 1.476215814 1.38117808 1.220911952 1.130643146 1.09331571 1.070213099 1.047763079 1.014594819 1.001610997 0.9911861412 0.9878387095 0.9738417328 0.9623325819 0.9502152946 0.951023672 0.9447569009 0.9399887945 0.9521483403 0.9675868348 0.9972774375 1.016477375 1.018374509 1.026246821 1.009626492 1.013922162 1.038372613 1.060639428 1.180218357 1.445440176 1.470993693 1.463270313 1.497400955 1.574629496 1.645240071 1.6946138 1.734884149 1.901902965 1.911997242
0 0 0 0 0 0 0 0 0 0 0 0 0 0 0 0 0 0.2862914236 0.6536634654 1.314522814 1.784741337 2.11890092 2.454160702 2.75175445 2.893690667 2.743515884 3.065773835 3.096575382 2.721509656 2.73533584 3.044429716 2.603432899 2.296085659 1.982290159 1.869430627 1.749187503 1.466563221 1.269898173 1.142000223 1.082771582 1.047537745 1.030560494 1.017818818 1.001462559 1.010005443 1.018877064 0.986977865 0.9593746262 0.9498570464 0.9500914317 0.9379936347 0.9689550132 0.956649753 0.9354070817 0.9564994585 0.9815862657 0.9948053145 0.9989452028 1.001939931 0.9914938341 1.002813977 1.025299135 1.143162764 1.389937157 1.439511063 1.456119449 1.47699439 1.525446358 1.657611505 1.710164657 1.716054755 1.706549854 1.750408688
0 0 0 0 0 0 0 0 0 0 0 0 0 0 0 0 0 0 0 0 1.029366725 1.858570171 2.314190589 2.549573826 2.679213811 2.767054148 2.831787927 2.973454189 2.690866434 2.58936403 2.688659391 2.732501432 2.469067271 2.172594514 2.029578003 1.940259582 1.604691305 1.403652529 1.172209752 1.093342604 1.035715394 1.012674281 1.001662458 0.9927189303 1.047223829 1.03037569 1.024979004 0.9946688503 0.9981548598 0.9661774053 0.9580736971 0.9341657036 0.918570111 0.9231775136 0.9307731005 0.9365042681 0.9432465023 0.9601806665 0.9820233433 0.9861278154 0.9889474483 1.014864402 1.099664931 1.323599845 1.423176155 1.479291312 1.459686122 1.537834356 1.627721707 1.704660219 1.621032484 1.604867043 1.616481919
0 0 0 0 0 0 0 0 0 0 0 0 0 0 0 0 0 0 0 0 0 1.31550992 2.25808104 2.494887089 2.638518387 2.670865416 2.764411836 2.796223539 2.680994233 2.595410622 2.472564546 2.474224983 2.492788505 2.358728828 2.219172187 2.190956273 1.949436582 1.527390324 1.345452281 1.167144491 1.033979462 1.004613603 0.9833788449 0.9873343903 0.9685715757 0.9855418367 1.031396429 1.032436541 0.9988767677 0.9891923779 0.96929802 0.950916065 0.9225229851 0.9028078696 0.9094873137 0.9238081221 0.9324931752 0.949554476 0.9590212726 0.9648086635 0.976132161 0.9963399242 1.114580301 1.316510577 1.442403987 1.466513008 1.49414282 1.526230297 1.667761905 1.652018975 1.632960787 1.548066283 1.561531132
0 0 0 0 0 0 0 0 0 0 0 0 0 0 0 0 0 0 0 0 0 0 1.958603069 2.364855124 2.456623251 2.642738558 2.781877805 2.829336153 2.709849965 2.676056748 2.457267006 2.198059065 2.161779973 2.189771741 2.145512226 2.228068219 2.26305 1.872474845 1.470807543 1.28475444 1.151785242 1.005940838 0.9827798192 0.9681047866 0.9756432913 0.9781516336 0.9837312843 1.073581484 0.9920967357 0.9440893108 0.9579608915 0.9459254704 0.9108942315 0.949305867 0.8972230421 0.9066066886 0.9388155178 0.9391967531 0.9488724608 0.9486991364 0.9521371797 0.9850396326 1.091739748 1.289862412 1.451823387 1.491807907 1.554050182 1.578375159 1.643677615 1.634171976 1.550584758 1.551662475 1.530199806
0 0 0 0 0 0 0 0 0 0 0 0 0 0 0 0 0 0 0 0 0 0 1.114303309 1.967278123 2.191340298 2.386385125 2.629456905 2.821970921 2.763333158 2.691504652 2.656874584 2.157881491 1.926941168 1.767425148 1.813123781 1.938954348 2.093691169 2.208555731 1.733220068 1.451812987 1.235316167 1.09576672 0.9831994478 0.952270851 0.9521114045 0.9896695536 0.9739728303 1.010115011 0.9853074534 0.9326145319 0.9142883553 0.9281655707 0.8978977458 0.893383456 0.9036651515 0.9005031381 0.9296051337 0.9376886448 0.9460592036 0.9519784734 0.9699587957 1.004496375 1.076921372 1.23181686 1.396498436 1.493136938 1.597108434 1.689347427 1.706177757 1.616455574 1.54370897 1.55937215 1.576276844
0 0 0 0 0 0 0 0 0 0 0 0 0 0 0 0 0 0 0 0 0 0 0.7152257594 1.43755697 1.921559816 2.273531862 2.580481354 2.744873472 2.84083666 2.850470395 2.731987276 2.423892881 2.054795119 1.849231566 1.61072469 1.819841957 1.963992759 1.903611035 1.842275924 1.612004008 1.351805754 1.117569137 0.9957078745 0.9478675152 0.9389117951 0.9432972008 0.9530332069 0.9703620368 0.9675068152 0.9548918053 0.9037928302 0.8924141756 0.8939413027 0.8900868433 0.9054778938 0.9250453267 0.9386880402 0.9469516487 0.9525572664 0.9665713768 1.003095571 1.057770802 1.177618185 1.262290755 1.324151044 1.402832459 1.507090727 1.663075959 1.715723741 1.607449545 1.56065441 1.541197041 1.676575528
0 0 0 0 0 0 0 0 0 0 0 0 0 0 0 0 0 0 0 0 0 0 0.2318881999 0.9623048054 1.714992576 2.163996714 2.531968416 2.828429152 2.929009925 2.85777071 2.813637898 2.535105389 2.232481231 1.953964058 1.715692694 1.640316485 1.850982582 1.776132643 1.673096914 1.595163861 1.456407532 1.182847255 1.00219967 0.9565850196 0.9382025412 0.9276284354 0.9417090279 0.9445258133 0.9550260691 0.9141940563 0.9689644804 0.8971292185 0.8970237429 0.9201342995 0.9170592251 0.9395977607 0.9546792186 0.9628424491 0.9765514302 0.9656499043 0.9857323242 1.153301654 1.209274216 1.265153425 1.326691863 1.417217306 1.489327877 1.635776794 1.589864854 1.56301959 1.568789067 1.59100677 1.630136292
0 0 0 0 0 0 0 0 0 0 0 0 0 0 0 0 0 0 0 0 0 0 0 0 0.9609441112 1.841812513 2.460099732 2.739782278 2.89598245 3.132277334 2.982370701 2.697748775 2.467256706 2.225668281 2.020239849 1.899639409 1.842233022 1.594413745 1.514649953 1.536718487 1.484057998 1.270266535 1.060243776 0.9669059386 0.9513063567 0.932539039 0.9355039243 0.9482042757 0.9360573939 0.926261487 0.8908300105 0.9064982152 0.9153613171 0.9275916638 0.9404715841 0.9448029487 0.9630068798 0.9931399913 1.009946689 1.03618183 0.9999698705 1.162306032 1.255581789 1.293142785 1.352890889 1.427250027 1.550941093 1.488009628 1.54050953 1.564714066 1.56151623 1.696821958 1.610116305
0 0 0 0 0 0 0 0 0 0 0 0 0 0 0 0 0 0 0 0 0 0 0 0 0 1.212174236 2.140182441 2.640525618 2.784847127 3.032142935 3.069929602 2.758068519 2.668729892 2.443423292 2.26817781 2.193644741 1.914718684 1.626688347 1.372664657 1.432434035 1.470298498 1.397118003 1.172706698 1.071368981 1.008053279 0.9884469374 0.929212691 0.9364490729 0.9375742526 0.902989217 0.891970613 0.8967431236 0.9151710495 0.9330686977 0.9488375288 0.9624202534 0.9801767143 1.013585873 1.100242311 1.106915976 1.189452281 1.203232756 1.261977725 1.365856757 1.433144218 1.432234062 1.496009411 1.482700736 1.509839652 1.546903037 1.569976131 1.571226814 1.639881109
0 0 0 0 0 0 0 0 0 0 0 0 0 0 0 0 0 0 0 0 0 0 0 0 0 0 1.706433485 2.371729431 2.570533521 2.852863739 3.04684519 2.821880395 2.81159941 2.71517416 2.556003823 2.2764751 2.013301538 1.766836108 1.544991949 1.364574357 1.364819862 1.397896405 1.351061282 1.224143962 1.109864483 1.007859566 0.9319439 0.922787453 0.92918492 0.9116133378 0.8998405173 0.8979517994 0.8995749539 0.9263211464 0.9505303792 0.9791139943 0.9869107327 1.026314956 1.13836655 1.239936922 1.268800984 1.298898899 1.345025251 1.404483957 1.334598839 1.368969688 1.420006104 1.466324717 1.451861772 1.47810255 1.516848193 1.591993235 1.656592292
0 0 0 0 0 0 0 0 0 0 0 0 0 0 0 0 0 0 0 0 0 0 0 0 0 0 0.9146135106 1.998484335 2.434566164 2.476475775 2.645005887 2.92270275 2.695070492 3.001607377 3.017392227 2.352324638 2.016441655 1.860885366 1.608594229 1.407272146 1.346899881 1.376781242 1.400429429 1.298510982 1.092704928 1.020099073 0.9362938675 0.9122263323 0.9120448614 0.9146456666 0.899799736 0.9008162295 0.9147504002 0.9118113931 0.9262499538 0.9457088152 1.000725242 1.075998962 1.180745791 1.228561383 1.263461031 1.3014133 1.36374576 1.343008281 1.314385054 1.275376584 1.304217358 1.417630701 1.421679939 1.413050978 1.437007614 1.513504733 1.620440594
0 0 0 0 0 0 0 0 0 0 0 0 0 0 0 0 0 0 0 0 0 0 0 0 0 0 0 1.758988415 2.299323242 2.34219203 2.39017312 2.48479643 2.548953626 2.887354002 3.067160543 2.744782249 2.156714921 1.901900223 1.665820291 1.350816912 1.274282954 1.246936656 1.266036923 1.32797685 1.136560852 1.000065905 0.9416764375 0.907367086 0.9160077506 0.9120158953 0.9079885659 0.8972171638 0.9384788346 0.8902083093 0.9000034853 0.9117974508 0.9310299134 0.9379787874 0.9812712566 1.149795032 1.237242445 1.28003012 1.260989225 1.238697152 1.238002211 1.214893509 1.211698325 1.333540078 1.429322587 1.381665153 1.394767774 1.465023651 1.529565523
0 0 0 0 0 0 0 0 0 0 0 0 0 0 0 0 0 0 0 0 0 0 0 0 0 0 0 1.156105589 1.959574374 2.194433226 2.458029243 2.323582581 2.381224647 2.542907194 2.735562187 2.991511535 2.217012799 1.931633469 1.774603671 1.374253905 1.247570636 1.110204291 1.070411432 1.119638919 1.232172707 1.067930004 0.948106639 0.9164373507 0.9032197786 0.9798945558 0.950586146 0.9412243691 0.9225697312 0.9268092964 0.8765631705 0.8826222951 0.8847339996 0.8930447104 0.9085073482 1.010163387 1.131426659 1.232295253 1.232011771 1.098183153 1.107093696 1.148692729 1.216591842 1.35137704 1.420910992 1.376639409 1.360342989 1.435294843 1.519726993
0 0 0 0 0 0 0 0 0 0 0 0 0 0 0 0 0 0 0 0 0 0 0 0 0 0 0 0.8957180264 1.635213819 1.967355435 2.344158039 2.445576649 2.377366457 2.596115394 2.567590062 2.902969805 2.221488367 1.98782845 1.773679934 1.54752312 1.226076701 1.061214318 1.004016878 0.9701737346 1.067589305 1.139589923 0.997484101 0.9611831732 0.9272307619 0.8898198939 0.8949469688 0.8736889174 0.8652024655 0.8512183165 0.8633921231 0.8577959497 0.8619103575 0.8707631812 0.8907909753 0.9206486463 1.050524432 1.204871219 1.167937765 1.118634568 1.114944011 1.117286381 1.137023639 1.251101427 1.37455238 1.377831348 1.364959629 1.388550111 1.452120247
0 0 0 0 0 0 0 0 0 0 0 0 0 0 0 0 0 0 0 0 0 0 0 0 0 0 0 0.6165684384 1.415558761 1.866143757 2.243451359 2.403385756 2.237141247 2.394104914 2.904825364 2.755217623 2.266293477 1.977536071 1.821022246 1.617694493 1.290426811 1.078402745 0.9420310159 0.932163156 1.009149106 1.078370706 1.074369691 0.9030927143 0.880060938 0.8715037524 0.8696660034 0.8601758725 0.8566034515 0.8348911205 0.8116556805 0.8324073199 0.841254936 0.857659934 0.8711310504 0.9011450631 0.9539434704 1.110336615 1.147757598 1.133877346 1.137546655 1.140374232 1.133530418 1.155411026 1.344063411 1.364458258 1.366768735 1.356616645 1.420892796
0 0 0 0 0 0 0 0 0 0 0 0 0 0 0 0 0 0 0 0 0 0 0 0 0 0 0 0 1.450545258 1.76198205 2.003962733 2.118610092 2.22414369 2.48777591 2.762641253 2.837153011 2.354800232 2.110745127 1.831730683 1.721833123 1.459302105 1.113793858 1.023708209 0.8767478613 0.8961674037 0.9656182218 1.048524735 0.9185328715 0.8649598647 0.8503514309 0.8551602333 0.8537413411 0.8457988103 0.8654309106 0.8284576912 0.8267992586 0.8316789459 0.8400207831 0.8611107883 0.8908692895 0.9260256035 0.9870046303 1.128675161 1.136475792 1.123474506 1.146829707 1.15091561 1.1967893 1.25095392 1.278518279 1.37919102 1.381195994 1.407247763
0 0 0 0 0 0 0 0 0 0 0 0 0 0 0 0 0 0 0 0 0 0 0 0 0 0 0 0.4330602109 1.102755488 1.554517079 1.686531723 1.902247965 2.10117733 2.327479547 2.578980546 2.848995726 2.813349236 2.196205253 1.931036516 1.754228177 1.534617948 1.31014782 1.073084458 0.9581302768 0.8923512789 0.9757521333 1.090458233 0.9849691473 0.8620765139 0.8454183839 0.840537325 0.8529519174 0.8540418833 0.8534254531 0.8544325999 0.8217867636 0.8312417771 0.8382484171 0.8591922623 0.8857043959 0.9174834263 0.9755908401 1.110119694 1.141540314 1.123949273 1.15269613 1.287341525 1.265609064 1.337583869 1.37810177 1.406529616 1.425709835 1.438529898
0 0 0 0 0 0 0 0 0 0 0 0 0 0 0 0 0 0 0 0 0 0 0 0 0 0 0 0.527268205 0.9857106878 1.35784059 1.660099231 1.656472364 1.835216512 1.9905558 2.29679375 2.661264591 2.868256172 2.656006955 2.100669593 1.780213128 1.695008739 1.42879168 1.229600733 1.062970832 0.9478694886 0.9955629392 1.042368579 1.067531455 0.9280135478 0.8603650637 0.856325031 0.8603387623 0.8632911461 0.8719778861 0.8643831589 0.8559479752 0.8426384216 0.8324968678 0.8488292183 0.8718888539 0.9108513583 0.981202662 1.064474178 1.113824418 1.127413889 1.190504283 1.225005467 1.348847055 1.389080363 1.478461529 1.520616959 1.538814854 1.523898069
0 0 0 0 0 0 0 0 0 0 0 0 0 0 0 0 0 0 0 0 0 0 0 0 0 0 0 0.4152133219 1.016431428 1.432399405 1.573063611 1.665895999 1.701691078 1.794792021 1.943315519 2.21555538 2.765751566 2.791163851 2.179848205 1.847854301 1.668331365 1.494403639 1.286495595 1.163467155 0.9710069646 0.8628825702 0.9515776987 1.047761722 1.072039948 0.9439779607 0.8727704548 0.8825304611 0.8689329021 0.8815966963 0.8852558938 0.8756948722 0.8588235848 0.8681775197 0.8360526529 0.8566718324 0.8929742292 0.916036209 0.999875536 1.041592301 1.08112448 1.206860146 1.263139361 1.360727638 1.457386608 1.490292734 1.596995165 1.637874268 1.652027848
