cost/Sarr_700_corridor_cum_curmap.asc
ncols         958
nrows         720
xllcorner     0.0
yllcorner     0.0
cellsize      5000.0
NODATA_value  -9999
[rows 288 to 319 of 720, columns 146 to 218 of 958]
0 0 0 0 0 0 0 0 0 0 0 0 0 0 0 0 0 0 0 0 0 0 0 0 0 0 0 0 0 0.4845423207 1.518150964 2.388682128 2.920810299 3.009184362 3.104118615 3.029820011 3.139673512 3.094594138 3.246501895 3.912853791 3.292703117 3.235154779 3.070926726 3.523397688 3.097859414 2.460352606 2.178246763 2.13086494 1.869269261 1.866822158 1.907453689 1.884206292 1.76873609 1.803035371 1.962187964 2.176253982 2.06542232 1.951742697 2.071587689 1.807518086 1.590612389 1.651605949 1.885422078 2.362125178 2.24703468 2.132574137 2.061014433 1.923381791 1.848188382 1.771141832 1.680336203 1.393042507 1.39729955
0 0 0 0 0 0 0 0 0 0 0 0 0 0 0 0 0 0 0 0 0 0 0 0 0 0 0 0.2055274972 0.6029086875 1.241105938 1.827949355 2.389687849 2.978292001 2.751706013 3.014489745 3.049728649 3.159543615 2.892036825 3.066150697 3.656899022 3.210791417 3.122628488 3.407500669 3.271432964 3.088207942 2.418860881 2.229041397 2.013874658 1.86087553 1.866713952 1.805940089 1.683599602 1.708869245 1.73728641 1.950565809 2.182501321 2.025116451 2.174246065 2.144404119 1.7127715 1.469717447 1.470253351 1.743245804 2.263024893 2.29112207 2.257070773 2.027154653 1.977132966 1.843827669 1.805257371 1.694209989 1.525163294 1.440003225
0 0 0 0 0 0 0 0 0 0 0 0 0 0 0 0 0 0 0 0 0 0 0 0 0 0 0.1377758085 0.4664579819 1.01018397 1.465828056 2.156047303 2.469618606 2.900769752 2.600694061 2.844897239 3.012201902 2.834208743 2.678530679 2.93941114 3.057449313 3.447410461 3.412062286 3.466651215 3.271638675 2.924077435 2.5468233 2.052881129 1.910356236 1.911461898 1.799767122 1.562877617 1.485545651 1.476746412 1.631838856 2.022849474 2.242615322 2.059310756 2.304889132 2.239315455 1.625634531 1.477722844 1.47765006 1.676507826 2.127743454 2.512600655 2.289741379 2.177676157 2.011969686 1.88025551 1.887782925 1.767480587 1.487058693 1.511625918
0 0 0 0 0 0 0 0 0 0 0 0 0 0 0 0 0 0 0 0 0 0 0 0 0 0 0 0.8276288149 1.37410388 1.877460412 2.343965685 2.704405522 2.684131879 2.354623596 2.440709563 2.553326245 2.649129743 2.759592471 3.062778406 3.095408704 3.192715131 3.84501577 3.308368057 3.139823387 2.819298636 2.435031916 2.001039229 1.900223462 1.870428853 1.667662829 1.519640691 1.298921273 1.353596922 1.661320006 2.08080107 2.120744044 2.138827528 2.382581121 2.333145646 1.768433257 1.534519508 1.53350677 1.755864257 2.138946073 2.455911452 2.484742736 2.361273504 2.099683832 1.979940824 1.952047459 1.775912111 1.617363372 1.679716779
0 0 0 0 0 0 0 0 0 0 0 0 0 0 0 0 0 0 0 0 0 0 0 0 0 0 0 1.302066591 1.794239505 2.080685393 2.598095058 2.40902631 2.224840051 2.087089081 2.130090666 2.406311554 2.804288046 3.090367598 3.165097392 3.165369396 3.409783447 3.255131208 3.291213079 2.962178297 2.747490433 2.205086808 2.023680647 1.844509075 1.798447864 1.679383079 1.418198669 1.387878496 1.431468293 1.61241424 2.044224243 2.185577362 2.191660094 2.431789829 2.556875131 2.028305843 1.693608291 1.817429821 1.951793854 2.123201279 2.191080579 2.073849465 2.111329678 2.191687922 2.121535901 2.056247767 1.931641154 1.686704746 1.74130616
0 0 0 0 0 0 0 0 0 0 0 0 0 0 0 0 0 0 0 0 0 0 0 0 0 0.182947402 0.8460749396 1.497520862 1.841390426 2.12276956 2.506242962 2.334836268 2.02369891 1.974214502 2.074519098 2.507763922 3.244427848 3.498997568 3.064162969 3.246331666 3.186664959 2.999612941 2.888951044 2.821492969 2.618354991 2.378038489 1.934681891 1.808181714 1.760767067 1.684276595 1.566272331 1.519930718 1.584090225 1.780713864 2.007876001 2.258869918 2.358018575 2.536993737 3.050031704 2.300802872 1.972800626 1.955267128 1.886109947 1.970810181 1.849703174 1.815702494 1.823368206 2.04381284 2.318168979 2.289176119 2.017759929 1.827963173 1.767902714
0 0 0 0 0 0 0 0 0 0 0 0 0 0 0 0 0 0 0 0 0 0 0 0 0 0.4606203679 1.082854477 1.507672302 1.809493893 2.139763843 2.703141444 2.207735186 1.947507062 1.963485999 2.216257622 2.667872762 3.685949833 3.020359827 2.814644848 3.395729099 3.035092851 2.799597759 2.596824673 2.4950016 2.580529128 2.315844307 1.965894361 1.856256247 1.71528785 1.701752762 1.655529695 1.693902325 1.757817349 1.935348715 2.116961776 2.284338849 2.511413143 3.267016791 2.750224676 2.253077465 1.739303537 1.585970669 1.544074478 1.633726564 1.6106177 1.529216953 1.605136864 1.86505905 2.239657472 2.451767469 2.236775537 2.061942521 2.19716077
0 0 0 0 0 0 0 0 0 0 0 0 0 0 0 0 0 0 0 0 0 0 0 0 0 0.7436151262 1.302164919 1.712395352 1.810984352 2.150460492 2.640434881 2.154214691 1.843807355 2.079627776 2.296987643 2.971030839 3.506484724 2.995712101 3.040627798 2.973064649 3.056789472 2.565008317 2.502254653 2.379535117 2.22067033 2.240666172 2.158837369 1.845099649 1.7885807 1.685140364 1.785204591 1.789746381 1.929822829 2.041135957 2.12608512 2.513803031 2.76453406 3.156516583 2.467934507 2.101310654 1.566959892 1.413310323 1.53440747 1.482072577 1.431551187 1.444585114 1.476171373 1.773564058 2.14859949 2.601874489 2.429237289 2.442916678 2.479260106
0 0 0 0 0 0 0 0 0 0 0 0 0 0 0 0 0 0 0 0 0 0 0 0 0 1.05126665 1.634540772 1.76761086 1.798846846 2.075641231 2.655308904 2.070955376 1.913081895 2.10071366 2.480910519 3.270521878 3.52409642 2.90155341 2.719898835 2.615179183 2.835296142 2.606147922 2.360375976 2.309938627 2.133331162 2.062148425 2.14064974 2.06924774 1.8059823 1.800854429 1.846141571 1.91371674 2.021133989 2.104610971 2.419999462 2.618010687 2.836637474 2.700811616 2.348006757 2.022974367 1.582936536 1.461974341 1.473320966 1.479215839 1.464955054 1.424643284 1.464665456 1.789062399 2.258018599 2.678390821 2.91382939 2.578262409 2.591963962
0 0 0 0 0 0 0 0 0 0 0 0 0 0 0 0 0 0 0 0 0 0 0 0 0 1.7257426 1.898115447 1.798489632 1.810812885 2.087397527 2.584469432 2.167649775 1.995660591 2.202715265 2.753788166 3.770468038 3.031201694 2.833999297 2.570629725 2.510011791 2.473889589 2.401219904 2.512657914 2.377670432 2.081421176 1.93302997 2.133291998 2.054200215 1.936170411 1.891726833 1.944294423 2.03362295 2.103687439 2.301132556 2.477447772 2.695536227 2.612333825 2.485959994 2.271434873 2.054624067 1.749434234 1.583839226 1.518791961 1.537609517 1.569667391 1.581480942 1.590645983 1.914137738 2.308613095 2.995821993 2.884419097 2.598326133 2.646607207
0 0 0 0 0 0 0 0 0 0 0 0 0 0 0 0 0 0 0 0 0 0.4252465423 0.6888655426 0.9928162303 1.676083494 1.953036751 1.8637136 1.836394097 1.909229434 2.356973546 2.381564627 2.371578393 2.1192846 2.686063553 3.331513971 3.401228361 2.983690335 2.659056024 2.362585899 2.330722209 2.369172114 2.402451935 2.575004406 2.38275827 2.068785387 1.951742103 1.964505277 2.119334516 1.980315078 2.064884072 2.152570693 2.227206735 2.316152978 2.344603592 2.555049618 2.486009233 2.459290079 2.294763714 2.20745135 1.959696533 1.765641584 1.628905512 1.564768252 1.589861666 1.783880929 1.668800636 1.899040928 2.10055738 2.683993437 2.94447095 2.894332583 2.590686216 2.685535495
0 0 0 0 0 0 0 0 0 0 0 0 0 0 0 0 0 0 0.2305843915 0.4378964257 0.7467035016 0.8974476903 1.133169858 1.498631183 1.842471592 1.893302133 1.913726864 2.032122237 2.170665605 2.39688868 2.400651518 2.332528929 2.345815302 2.928728091 3.152839643 3.02476839 2.464075377 2.260388747 2.243866468 2.390284435 2.43485925 2.457106522 2.385842714 2.202430828 2.103713232 2.017023837 1.924523107 1.94293517 2.010307383 2.340693925 2.561291822 2.451268576 2.366919051 2.35213123 2.338423548 2.319993069 2.238723252 2.182369755 2.028563129 1.961893229 1.919013702 1.676798168 1.651065647 1.665128314 1.691629526 1.825972454 2.092901694 2.426864046 2.850928629 3.000024006 2.895299429 2.892036038 2.730712794
0 0 0 0 0 0 0 0 0 0 0 0 0 0 0 0 0 0.2574280549 0.4463745744 0.6248913919 0.9338397014 1.117673767 1.391593041 1.615765723 1.812376228 1.902384721 1.981044817 2.074917374 2.181996993 2.285140571 2.312154752 2.156040682 2.239355276 2.502993549 2.990363353 2.793053593 2.285291979 2.110486319 2.449795307 2.560550165 2.422844618 2.398188472 2.30514208 2.347947588 2.248747609 2.016359372 1.994860058 1.888875364 1.878946636 2.491454935 2.808572052 2.524406726 2.358391732 2.25398371 2.173518767 2.07062822 2.151998218 2.054784744 1.979438406 2.057929588 1.922678947 1.8170349 1.721101527 1.808108459 1.887272081 2.022803281 2.355889991 2.907795636 2.89484499 2.845961743 2.887449674 2.914348434 2.902749457
0 0 0 0 0 0 0 0 0 0 0 0 0 0 0 0 0.1361435875 0.3840037084 0.6113606826 0.7869490679 0.9889763108 1.202438287 1.45125191 1.475520565 1.573671621 1.813517601 1.921108567 1.984368297 2.093528908 2.142767275 1.921889379 1.868881922 1.939172183 2.410276008 2.797208395 2.711534115 2.50831455 2.143603024 2.452433017 2.615558851 2.67059503 2.766950141 2.623886657 2.484130669 2.160971232 2.078854736 2.067954129 1.892616143 2.077675386 2.318570097 2.837531412 2.782319923 2.461754808 2.068836885 2.015929312 1.99946052 1.964078994 2.033412165 2.03585424 2.071823703 2.111544927 1.977502039 1.942763197 2.075268058 2.079388127 2.431405996 2.832947104 2.580298123 2.493243035 2.750857909 2.738553287 2.763970901 2.903681817
0 0 0 0 0 0 0 0 0 0 0 0 0 0 0 0 0 0.7171509879 0.8308064602 0.9470767503 1.08841095 1.223373251 1.331345739 1.282689148 1.539937185 1.727224838 1.735128363 1.798604922 1.833636906 1.750969673 1.742247812 1.797210962 1.899712987 2.18107438 2.676702564 2.853279038 2.511862904 2.282175962 2.645893058 2.863285469 3.058305466 2.443193679 2.221416564 2.246788034 2.110917701 2.021009203 2.025221766 2.029349161 2.167866737 2.456447436 2.733728429 2.665269786 2.183512559 2.098179187 1.988631669 1.968723027 1.959990992 2.036360279 2.041717041 2.212252016 2.258753604 2.198151257 2.243223699 2.258634521 2.572078675 2.81817405 2.503588673 2.45037339 2.5869088 2.559249222 2.562019991 2.657744032 2.806009023
0 0 0 0 0 0 0 0 0 0 0 0 0 0 0 0 0.3337205577 0.8119235955 0.9923434167 1.191560422 1.187708377 1.284693632 1.351065793 1.328660464 1.566087368 1.672022604 1.661180492 1.664411753 1.663025382 1.657834467 1.636871956 1.757872941 1.985849688 2.23876197 2.180423278 2.697187468 2.804730004 2.763590075 2.713760109 2.97038575 2.910000297 2.290018334 2.067433858 2.113509365 1.907211692 1.893953479 2.043607149 2.088191672 2.292257947 2.432622575 2.357225026 2.52881758 2.394593677 2.161198322 1.954982497 1.950754071 2.201865788 2.042871384 2.333060933 2.459612775 2.475106604 2.440082499 2.322185138 2.477015696 2.636114464 2.528114664 2.307368821 2.375697934 2.431116489 2.4625192 2.575168376 2.635581212 2.775918255
0 0 0 0 0 0 0 0 0 0 0 0 0 0 0 0 0.6328822426 0.9221215316 1.170640209 1.252745457 1.344630866 1.362652 1.35753057 1.411168182 1.562920903 1.647663677 1.584271417 1.596430983 1.581023318 1.608197499 1.614516709 1.786329171 2.275806719 2.133270501 2.163321793 2.344283137 2.750273479 3.262962298 2.987983771 3.000317559 2.731984856 2.17295606 1.967555823 1.875414516 1.866611698 1.865824406 1.999295673 2.023497249 2.244614233 2.230647483 2.391793245 2.422516606 2.417070875 2.184892183 2.087617162 2.026750257 2.195182305 2.524407759 2.64313192 2.840991747 2.407753993 2.351656824 2.556933076 2.4894062 2.464096067 2.313386065 2.227696635 2.177535925 2.345487058 2.369191746 2.45889978 2.797959333 2.842668978
0 0 0 0 0 0 0 0 0 0 0 0 0 0 0 0.2289632368 0.6680906704 1.07841302 1.333140749 1.397739009 1.522719644 1.379841353 1.349267813 1.40943942 1.556590736 1.603827816 1.5423715 1.51731898 1.613116844 1.582667086 1.677344705 1.87330762 2.243337815 2.229253775 2.010595946 2.205939404 2.775066369 3.158247919 3.275884638 2.502716187 2.307543633 2.290785224 1.955086499 1.800460327 1.786811263 1.83155076 1.948492653 2.186251694 2.233205107 1.973572182 2.139565543 2.402117639 2.48237874 2.543323396 2.231391391 2.194857684 2.417827274 2.342513003 2.886029521 2.398708681 2.302879252 2.359180472 2.468560789 2.342290278 2.311602559 2.187692559 2.12396094 2.218366663 2.338293667 2.503977439 2.629529244 2.738138592 2.95548909
0 0 0 0 0 0 0 0 0 0 0 0 0 0 0 0 1.190118818 1.303715501 1.539331141 1.61872285 1.48029396 1.365752216 1.383789404 1.446737138 1.566770474 1.667473525 1.502652213 1.56953835 1.556925098 1.657092077 1.712763188 1.978401032 2.032740528 2.063231211 2.024274645 2.17569103 2.673478195 3.307489514 2.81572578 2.495967696 2.257319715 2.086705418 2.085346733 1.782079127 1.77163088 1.869623415 1.94473943 1.962697168 2.076602588 2.044362213 2.163521895 2.415218557 2.703058128 2.792229016 2.73855915 2.290189458 2.286471583 2.50409675 2.56124531 2.296218519 2.235891738 2.303413434 2.273034133 2.298798685 2.15800824 2.168647949 2.20636463 2.325963994 2.466137568 2.641877722 2.753114015 2.785759603 2.639367555
0 0 0 0 0 0 0 0 0 0 0 0 0 0 0.3717359655 0.9409430732 1.287556395 1.580415612 1.639365749 1.679926085 1.421928999 1.358746966 1.389262345 1.465371954 1.491630089 1.598527363 1.550565498 1.536148076 1.597144552 1.680311322 1.790412225 1.89414199 2.016146684 2.079815103 2.089816277 2.115372001 2.725220271 2.969656661 2.95989278 2.312648666 2.444956057 2.094232376 1.979004 1.790471623 1.860737524 1.907202273 1.953531488 1.921822146 1.823804699 1.918624778 2.050386009 2.579589973 2.940151032 3.093855741 2.691919345 2.366139227 2.627277734 2.66593177 2.63940649 2.174133974 2.247266159 2.246164891 2.290177688 2.239503346 2.124360846 2.17773081 2.276011836 2.48581244 2.581673361 2.538885697 2.665684385 2.588393825 2.44462256
0 0 0 0 0 0 0 0 0 0 0 0 0 0.4843776774 0.8376210335 1.159628999 1.377827227 1.595190301 1.613203194 1.59748649 1.446787473 1.394707765 1.437479787 1.43888818 1.529862225 1.635963237 1.563060307 1.615843405 1.604422889 1.719309186 1.807399122 1.972815557 2.17343476 2.09998892 2.077263004 2.23460715 2.431303004 2.550386735 2.876645744 2.553065607 2.420797044 2.391711262 1.901033761 1.812032735 1.893475351 2.116616826 1.968794155 1.830775544 1.776522864 1.854942211 2.110776258 2.761866818 3.248807776 3.079937043 2.661408723 2.416288203 2.305871617 2.260520721 2.55211587 2.271455694 2.244341363 2.332048755 2.277573288 2.179976794 2.177461063 2.315236085 2.400286711 2.567337926 2.666019912 2.561797912 2.559766321 2.324112826 2.295573412
0 0 0 0 0 0 0 0 0 0 0 0.1069731995 0.5000535896 0.8096723948 0.9884253792 1.259918569 1.48542218 1.528282749 1.532547269 1.534368618 1.579064656 1.549458478 1.435176458 1.554969674 1.602942112 1.657210163 1.610945424 1.633207947 1.704545256 1.763199202 1.918052075 2.054783055 2.136620906 2.115100299 2.163492846 2.275120796 2.432895288 2.53297277 2.357809362 2.572507267 2.532217114 2.488289756 2.0618616 1.915446815 2.084255635 2.139425273 2.10791055 1.858866839 1.778742715 1.870237118 2.223154494 2.862527534 3.395334947 3.07399539 2.441273321 2.212968349 2.116024208 2.184093762 2.054772813 2.243841764 2.522291645 2.282831144 2.211214502 2.210035033 2.274870919 2.433383952 2.630376917 2.653689339 2.471071271 2.485507032 2.314818329 2.231327189 2.284291651
0 0 0 0 0 0 0 0 0 0 0 0.3418802987 0.6862876633 0.90078018 1.103528164 1.355701078 1.452601613 1.501821848 1.436420851 1.563497988 1.637757953 1.577630568 1.590860703 1.710524654 1.74592963 1.729339933 1.638364763 1.747912728 1.773795361 1.898074823 1.966499023 2.099341422 2.209867479 2.234096762 2.217072671 2.429894088 2.406403928 2.237302183 2.30013642 2.214858366 2.199409821 2.55419856 2.276777238 2.135479902 2.045144414 2.272628509 2.14365189 1.888588241 1.803409991 1.966318191 2.240590597 2.998499064 3.327041754 3.234365803 2.276690381 2.062286659 2.125684192 2.089903398 2.024811986 2.083175538 2.071358568 2.212277433 2.299625394 2.251668896 2.344903489 2.546418423 2.689538385 2.489419406 2.320116657 2.328243907 2.2884011 2.249776671 2.337982179
0 0 0 0 0 0 0 0 0 0 0 0.5021016092 0.9534253714 1.074015839 1.330647096 1.446692963 1.497339204 1.481937293 1.502281675 1.593060294 1.656400322 1.715349082 1.736132246 1.832876817 1.751002766 1.758387013 1.820818578 1.928171272 2.085007413 1.985728684 2.096521571 2.22846477 2.596380124 2.318941587 2.282245547 2.123223411 2.054868987 2.207341133 2.279240318 2.010088763 2.041629329 2.141812084 2.669655948 2.562989291 2.498578431 2.38508193 2.04008267 1.925488243 1.935122602 2.1232275 2.364342172 2.915373404 3.174010825 3.223634516 2.304018523 2.080386734 2.099043304 2.023407883 1.972526787 1.990733457 2.04762626 2.147344422 2.533071543 2.502628363 2.600460214 2.862806884 2.507790728 2.344585127 2.325630505 2.315739804 2.333984655 2.351771984 2.55516152
0 0 0 0 0 0 0 0 0 0 0 0.7861002544 1.257833199 1.314192546 1.479848539 1.547514906 1.510707208 1.568251223 1.593743006 1.595074222 1.793107346 1.749103198 1.816129252 1.85691613 1.867676776 1.897728236 2.030595229 2.132515478 2.221014807 2.280572973 2.162000208 2.655889346 2.468067998 2.499624372 2.134386003 1.980895465 2.013757757 1.971275543 2.174729106 2.000433498 2.038592565 2.310858695 2.374642116 2.577345939 2.61688782 2.626817337 2.356627362 2.059650101 2.133873637 2.508648117 2.352128506 2.571927706 3.096046341 3.237754657 2.409415092 2.176130936 1.974016059 1.899942734 1.856734073 1.88227951 2.132207018 2.320494603 2.548740376 2.608316742 2.793143314 2.815664616 2.626195893 2.290355081 2.35938861 2.436541436 2.371607622 2.489503021 2.61100479
0 0 0 0 0 0 0 0 0 0 0 1.146215672 1.632878662 1.539316629 1.587734025 1.566578328 1.542353 1.637190761 1.646581209 1.676338961 1.769389071 1.846812197 1.835176103 1.885520712 1.948687118 2.044937575 2.136718426 2.292302866 2.259223281 2.285114035 2.661076831 2.476806886 2.358274463 2.366470578 1.884962502 2.013936834 1.831041354 2.043226743 1.855116499 1.858714553 2.142619728 2.29915792 2.088762518 2.105278331 2.541778173 2.64840299 2.664981449 2.256087361 2.368783752 2.37479005 2.382941306 2.556042212 3.232555371 2.84066138 2.600962307 2.122615983 1.952171594 1.884774472 1.843774151 1.889180551 2.005996886 2.338203495 2.489474086 2.623204544 2.71346902 2.728898978 2.664870372 2.412222114 2.358531304 2.782845299 2.788241089 2.616659332 2.416300388
0 0 0 0 0 0 0 0 0 0 0 1.962047869 1.96164258 1.643908343 1.562279629 1.649967958 1.698754464 1.687706045 1.726885602 1.843769777 1.951277775 1.860150946 1.886968397 1.910554701 1.986411202 1.970272486 2.077376778 2.074337712 2.212065443 2.357197966 2.51603967 2.326160552 2.242361295 1.960134357 1.81029134 1.737617917 1.769311574 1.744715458 1.81065672 1.989217596 2.01995071 2.142622634 2.176286604 2.226929056 2.001626533 2.518206179 2.669754594 2.673776516 2.672653737 2.538244826 2.674356748 2.754263075 2.970468542 3.202090642 2.52615706 2.262949895 1.959589376 1.855580242 1.871343827 1.886539153 2.043757583 2.205326059 2.209075406 2.553391641 2.683750176 2.702983505 2.613552182 2.283459221 2.433441318 2.646742031 2.677687939 2.436875555 2.235506496
0 0 0 0 0 0 0 0 0.6309583278 1.100967658 1.953197875 2.168777598 1.886367302 1.652179465 1.616767796 1.612352387 1.646959789 1.665330684 1.866386043 1.901438207 1.929374056 1.941011923 1.915935617 1.984678133 1.914698115 1.808457982 1.831497873 1.951201914 2.063380621 2.151896848 2.338801493 2.605766445 1.960943791 1.825334437 1.70617682 1.637612297 1.718281817 1.727775447 1.751546317 1.800493794 2.006668148 2.122620112 2.141098594 1.972350415 2.014279264 2.185857727 2.323701879 2.820062924 2.603562684 2.403636106 2.193637545 2.759073903 3.010829185 3.21483266 2.734971245 2.176144457 1.871500282 1.988701686 1.845393025 1.896403409 1.959509422 2.047400366 2.197902829 2.343447875 2.67258329 2.754978475 2.203487934 2.213629262 2.696479607 2.608981462 2.641603728 2.188451799 1.651978598
0 0 0 0 0 0 0 1.005325992 1.379919111 1.729840675 2.04449675 1.971409074 1.761196233 1.65786053 1.610153333 1.637343747 1.70349689 1.761029456 1.744817389 1.751381198 1.788943822 1.767174204 1.953914726 1.837575635 1.803636121 1.754242098 1.759315598 1.826619751 1.960488445 2.185053222 2.351177634 2.434982435 1.832613196 1.710528555 1.643853166 1.684322841 1.757374667 1.722006216 1.72977331 1.770463401 1.854568086 2.085213497 2.134368285 1.829299972 1.98085391 2.040740791 2.30390823 2.543244647 2.799869726 2.260958428 2.290031401 2.400432037 2.663382669 3.188235268 2.775962677 2.01323837 1.849622928 1.864161782 2.015260222 1.852108829 1.886789535 1.959092748 2.111773841 2.512268293 2.705437523 2.349940418 2.235945254 2.303764196 2.699118011 2.502561982 2.484209939 1.877584966 1.502657769
0 0 0 0 0.72560606 1.016037503 1.594853614 1.725664477 1.77753934 1.913361354 1.894498352 1.832523247 1.715939717 1.660000101 1.680485775 1.677320139 1.751890547 1.843174899 1.723566464 1.708676173 1.711096536 1.828873895 1.786665777 1.699426819 1.666399056 1.630036642 1.735609644 1.762391867 1.828697032 2.087283404 2.324036943 2.306624225 1.744815741 1.619334408 1.644895229 1.732331823 1.743292697 1.762603756 1.721200757 1.777882633 1.850224866 2.056270529 1.978358089 1.789533704 1.857378594 2.21822591 2.161765999 2.816969776 2.665893254 2.495201531 2.278384789 2.311521803 2.586783394 3.045511567 2.683016893 1.996955215 1.876007441 1.92503887 1.874183932 1.871560476 1.914538155 1.909885098 2.058822381 2.529549608 2.634008679 2.185328905 2.245544555 2.383435101 2.484270059 2.525033787 2.261806692 1.735904492 1.386928587
0.8315468693 0 1.021315604 1.450751147 1.64711546 1.87647769 2.061934251 2.049254711 2.050386161 1.911969071 1.870228641 1.777688197 1.711815081 1.757079974 1.731572027 1.728784211 1.872607248 1.826954707 1.710536211 1.702563918 1.749225268 1.679660726 1.694707873 1.712437145 1.68907034 1.648216663 1.595930062 1.626063027 1.699386992 1.994448497 2.241583844 2.302632889 1.885992566 1.638708305 1.787011537 1.857294318 1.736863511 1.728321046 1.77684604 1.828640891 1.950949863 1.873177902 1.842023933 1.801760235 1.840647392 2.165129576 2.190424203 2.372092724 3.023011154 2.478884409 2.394085687 2.528704585 2.64474253 2.781752818 2.586701247 2.116667449 1.910274246 2.0882258 1.868288412 1.870620301 1.970986754 1.910666878 2.024439773 2.506933701 2.47574126 2.206016336 2.273733357 2.293134811 2.435168476 2.400808547 2.21010209 1.650509563 1.312390744
1.752414277 2.325862034 1.985963178 2.084236671 1.965382398 1.966766114 2.011737101 1.99875134 1.899141584 1.811050628 1.716396791 1.696924548 1.693946621 1.698960076 1.694797847 1.763681064 1.895474126 1.73742044 1.643574876 1.712332162 1.733791759 1.673241379 1.666818196 1.751748391 1.699750303 1.664666047 1.691091961 1.667285998 1.724247609 2.055527303 2.191445583 2.282829986 2.138298177 2.038964898 2.030468448 1.857434023 1.782019653 1.744472355 1.867537363 1.910398184 2.083258239 1.785657492 1.771391615 1.734198311 1.86605572 2.029006031 2.11595898 2.412741291 2.418188579 2.858650699 2.867066599 2.331458843 2.78843845 2.638069527 2.614262103 2.178436537 2.093541131 1.975871724 1.984635065 1.94431241 1.937405988 1.942056343 2.049161137 2.467743113 2.481634523 2.238844385 2.180175768 2.24863677 2.405940937 2.563309108 1.974411991 1.620836953 1.335066388
