cost/Sarr_700_corridor_cum_curmap.asc
ncols         958
nrows         720
xllcorner     0.0
yllcorner     0.0
cellsize      5000.0
NODATA_value  -9999
[rows 192 to 223 of 720, columns 146 to 218 of 958]
0 0 0 0 0 0 0 0 0 0 0 0 0 0.3007465239 0.7299384356 1.025889171 1.184499155 1.363582237 1.565549524 1.733675991 1.772998791 1.968674317 2.072254169 1.916765655 1.719727658 1.800660188 1.942869424 2.163467634 1.98790207 1.81887736 1.633737397 1.518556715 1.467991004 1.691594718 2.349064762 2.021494746 1.724290019 1.573627004 1.620971945 1.626381301 1.541519979 1.545741291 1.434164635 1.222572506 1.055191508 1.00789953 0.9974042815 1.014399931 1.072858954 1.045368111 1.036640694 1.029920123 1.037029899 1.039209698 1.086120844 1.131935653 1.126535432 1.134939037 1.181928428 1.239403597 1.313225807 1.433770721 1.705583886 1.836497229 1.920329031 1.914594605 1.816599572 1.728579177 1.804373324 1.880843032 1.867851141 1.790847568 1.719427847
0 0 0 0 0 0 0 0 0 0 0 0 0 0 0.8507908046 1.136449961 1.264501311 1.360468997 1.549528641 1.668574098 1.756555629 1.918133652 2.003711735 1.859554664 1.895301125 1.907574459 2.033776648 2.184730894 1.971486403 1.801860256 1.693477788 1.514894129 1.502645305 1.714283607 2.099875629 1.958898793 1.75728505 1.658679858 1.630729427 1.577590408 1.479432173 1.465920513 1.348943493 1.180202104 1.069332483 1.013284038 1.053384516 1.006194488 1.08218722 1.097830101 1.074477299 1.083247055 1.033662813 1.040418653 1.157775813 1.214884035 1.164114778 1.15501122 1.182226318 1.243258529 1.308948299 1.413285534 1.575082135 1.791439526 1.810306081 1.895634807 1.767287136 1.751919329 1.994342378 1.971887393 1.869902375 1.810069572 1.755595521
0 0 0 0 0 0 0 0 0 0 0 0 0 0 0.6594334689 1.166297529 1.288220499 1.440398575 1.552660171 1.603303843 1.706264254 1.874562413 1.875575061 1.91478552 2.017717736 2.072630254 2.115519695 2.228352741 1.968624348 1.856396162 1.659845752 1.543657852 1.549659743 1.743258639 1.99540073 1.893553063 1.772135353 1.710201334 1.667293467 1.555878517 1.434075067 1.353708451 1.323436951 1.11565466 1.061874321 1.027958717 1.003787694 0.9993989416 1.004764415 1.071336957 1.094720657 1.184611122 1.173826099 1.172713559 1.218379871 1.218035512 1.175007436 1.17547195 1.17951806 1.256544314 1.30892924 1.435887729 1.576931749 1.686502636 1.796098656 1.77032954 1.715107886 1.812819956 2.097054988 2.08536935 1.962052184 1.892991277 1.828223971
0 0 0 0 0 0 0 0 0 0 0 0 0 0 0.4996416115 1.1306902 1.413411292 1.480225648 1.583311829 1.592236015 1.633554051 1.725958418 1.78921569 1.924073412 2.001695201 2.269854672 2.235817619 2.22499859 2.081692439 1.928595685 1.658601427 1.562805284 1.667581835 1.686204743 1.952571263 1.914306712 1.789064645 1.719375529 1.695833004 1.513796439 1.406936947 1.361733215 1.310539728 1.177419632 1.082329979 1.094065817 1.035294246 1.015630147 1.022347198 1.047767175 1.152605316 1.223499904 1.255013944 1.303451124 1.233046927 1.247285665 1.176364752 1.194175602 1.217555138 1.268761425 1.38369822 1.486100633 1.640995521 1.719740685 1.578292366 1.589625567 1.629631333 1.803441181 1.982184333 2.072553899 2.107649033 2.00860985 1.868128286
0 0 0 0 0 0 0 0 0 0 0 0 0 0 0 1.231333284 1.516497648 1.507330799 1.572947375 1.595309828 1.58486472 1.668780808 1.761040966 1.840754266 1.97507064 2.22504647 2.293172488 2.279097642 2.135179281 1.957867437 1.805008668 1.553953093 1.760693277 1.696814075 1.999600179 1.971146116 1.820964832 1.7144425 1.608460713 1.504519557 1.309519959 1.337138946 1.338496321 1.247795048 1.11672502 1.239715237 1.100046714 1.09103584 1.060664783 1.119610328 1.137003694 1.196223035 1.296296326 1.330024612 1.283121298 1.21478076 1.166584218 1.220649869 1.26749386 1.3670095 1.477149388 1.663401489 1.738357643 1.730111199 1.526549307 1.485180246 1.641868802 1.796972025 1.978840378 2.060495083 2.172188512 2.081979413 1.877950031
0 0 0 0 0 0 0 0 0 0 0 0 0 0 0 0.9967891973 1.522599869 1.491685714 1.579353841 1.575493147 1.564625778 1.632039649 1.805263922 1.866179286 2.002888872 2.065662656 2.190544562 2.23639159 2.186021681 2.057535222 1.732954055 1.733245037 1.758341941 1.800174229 1.959470466 2.063098081 1.808847045 1.618566537 1.518214021 1.417214096 1.24023068 1.259868396 1.251810198 1.20491282 1.164624303 1.141425631 1.117270104 1.124747296 1.145984533 1.158511626 1.173264564 1.212780679 1.334914143 1.36788581 1.282929064 1.214318454 1.263791659 1.28278649 1.361189984 1.462516772 1.702080054 1.791166185 1.806732945 1.774528887 1.553496615 1.463175834 1.615584522 1.857544435 1.981125971 2.072303672 2.131642102 1.996747532 1.919658561
0 0 0 0 0 0 0 0 0 0 0 0 0 0 0 0.9297731514 1.497250688 1.519852573 1.536150027 1.55566563 1.525495404 1.739916467 1.788660678 1.883495279 2.041452028 1.920799095 2.027603574 2.061770038 2.190994712 2.017710376 1.877037383 1.887778592 1.72224687 1.870244513 2.119646449 2.088740463 1.826802204 1.542301461 1.41996303 1.247066635 1.185070063 1.178800847 1.186835874 1.210088505 1.186259258 1.152814265 1.135166378 1.112742628 1.10104735 1.075809806 1.160712671 1.325936913 1.388326791 1.426844977 1.34936149 1.279041738 1.317258003 1.462151906 1.472367591 1.623393071 1.82820431 1.890166266 1.880277322 1.667795335 1.568739262 1.517485696 1.746379774 1.889936879 2.023286662 2.003891754 2.120176287 1.966803216 1.876866454
0 0 0 0 0 0 0 0 0 0 0 0 0 0 0 0.9645068757 1.536421774 1.52980632 1.558629756 1.537514686 1.580339684 1.759031737 1.830670958 1.821865453 1.950875457 1.918592869 1.961969296 1.925558324 2.1377335 1.951760181 1.921076566 1.900794914 1.739817444 1.925621353 2.25729229 2.24861997 1.777228157 1.499330311 1.280490404 1.206720995 1.063527183 1.08947286 1.207589969 1.166709042 1.151801619 1.123517732 1.163365575 1.098910046 1.134318482 1.190021158 1.181317672 1.336141756 1.476159821 1.474238698 1.418609037 1.339222 1.425026238 1.532247041 1.781053513 1.834965248 1.885885851 1.84306969 1.688737431 1.661996006 1.644846843 1.68620721 1.764513679 1.903057873 2.055826878 2.475048211 2.076210069 2.047251744 2.223992831
0 0 0 0 0 0 0 0 0 0 0 0 0 0 0 1.208186375 1.521111795 1.541345809 1.520063621 1.561265379 1.634785916 1.7710773 1.809380927 1.768505218 1.79945377 2.067030176 1.858365868 2.004874468 2.038879476 1.948936117 1.790918112 1.741029373 1.740335788 1.958699583 2.406522743 2.109359153 1.810402814 1.506525474 1.245548126 1.162025257 1.062962258 1.046065653 1.154379338 1.240937512 1.246289872 1.238967609 1.192986299 1.17154903 1.16854742 1.199301449 1.265467613 1.364420012 1.471979425 1.504604809 1.427071429 1.399966365 1.473317059 1.641132103 1.845350416 1.828464079 1.769404458 1.647938849 1.625975678 1.725399417 1.838014443 1.81861143 1.829717089 1.997989032 2.520658333 2.490995748 2.434732067 2.408233589 2.395554089
0 0 0 0 0 0 0 0 0 0 0 0 0 0 0.4907766884 1.072390813 1.390238711 1.435355403 1.529838926 1.595780083 1.696973328 1.723929184 1.745549018 1.713957295 1.815084486 1.863555337 2.004031004 1.986773089 2.187373526 2.019131283 1.68488672 1.587300005 1.712513085 1.999913637 2.451656799 2.10123728 1.783855442 1.499932854 1.2830598 1.140693199 1.041448401 1.088132457 1.137013365 1.24452431 1.351765113 1.286929437 1.158276714 1.085878334 1.097489883 1.067079414 1.269314026 1.387372068 1.498698179 1.541833402 1.489509297 1.48938149 1.597368547 1.703093546 1.81447675 1.746348629 1.562196426 1.58169376 1.652212776 1.770771476 1.919855914 1.885662866 2.071647743 2.48505075 2.37964557 2.02893527 2.150996109 2.43706994 2.571412889
0 0 0 0 0 0 0 0 0 0 0 0 0 0 0.5526442256 1.002545408 1.242385797 1.407625841 1.59268966 1.588999429 1.688916844 1.75463946 1.747879227 1.64636833 1.736343247 1.767194162 1.885947383 2.132550036 2.488702272 2.014141614 1.603675568 1.598462111 1.712401771 1.912533692 2.424205152 2.243001336 1.740889554 1.474796791 1.320439715 1.151950535 1.10932618 1.127162657 1.138727631 1.302276344 1.385616902 1.183908069 1.063843098 1.028404557 1.008510457 1.106075215 1.19034403 1.330749051 1.469848445 1.556527153 1.596874793 1.60754551 1.802783872 1.893722363 1.768569722 1.585208824 1.513027571 1.535233744 1.627613218 1.822016636 1.930480389 2.049733907 2.124418323 2.538470862 2.007694355 2.13690419 1.875613588 2.265947452 2.507402252
0 0 0 0 0 0 0 0 0 0 0 0 0 0 0.4866373165 1.066064249 1.357033516 1.524980946 1.623029553 1.612748222 1.731283449 1.775837228 1.735598979 1.660555794 1.594829862 1.693844559 1.904603857 2.079444535 2.471937424 2.167226901 1.654749667 1.626988789 1.753991616 1.899812118 2.336301944 2.245769929 1.722510484 1.464960726 1.302833269 1.241252888 1.211355608 1.214986705 1.241554948 1.346523653 1.265851061 1.145215571 1.027993028 1.003862977 1.002814281 1.023021249 1.198177365 1.31778427 1.458206674 1.548646225 1.626866716 1.625866219 1.836736587 1.824246596 1.743834242 1.564611665 1.52210044 1.508375641 1.650241233 1.805698958 1.87969049 1.977411093 2.04541841 2.346528817 2.282529435 2.079342351 1.813863173 1.884154716 2.287110782
0 0 0 0 0 0 0 0 0 0 0 0 0 0 0 1.200730976 1.545182276 1.569298774 1.660201833 1.704457892 1.778936618 1.823703002 1.711847272 1.649070941 1.617379945 1.680211153 1.901657381 2.207684325 2.067615697 2.319701628 1.789123691 1.735817739 1.7981013 2.103355512 2.255420693 2.187055197 1.680473263 1.447707739 1.281364085 1.268910551 1.2814682 1.336530046 1.32317739 1.42471699 1.186362929 1.092035895 1.012961932 1.051533495 1.004236281 1.030394588 1.183865531 1.363819574 1.473214869 1.570706301 1.632026551 1.635800642 1.804607103 1.825909598 1.708999272 1.570897488 1.570008741 1.588471572 1.71184379 1.801692203 1.778500241 2.036578169 2.168898453 2.235366721 2.162211093 2.118542135 2.092558392 1.915338025 1.90008774
0 0 0 0 0 0 0 0 0 0 0 0 0 0 0 0.9212634136 1.598601323 1.661256154 1.659099889 1.758985004 1.795641153 1.83316929 1.741130291 1.70535642 1.709556705 1.7562876 1.974695049 2.056816551 1.976102831 2.338847074 1.745447352 1.828581195 1.884815883 2.041455656 2.20671415 2.18560286 1.701060417 1.4079581 1.22953942 1.268294925 1.363382759 1.362250665 1.378861656 1.382540311 1.197850288 1.053414444 1.032778707 1.01342442 1.037088727 1.125244289 1.26588433 1.40545056 1.510742244 1.638716462 1.698684559 1.70131555 1.845112939 1.832582533 1.795481894 1.651988243 1.657336955 1.680897402 1.850730259 1.863294794 1.849084145 2.133383919 2.198646525 2.242382995 2.317370029 2.221529555 2.191571327 2.045979895 2.02269141
0 0 0 0 0 0 0 0 0 0 0 0 0 0 0 0.9592207954 1.51330936 1.714836668 1.668884244 1.739505836 1.899336193 1.803319145 1.7589099 1.879594621 1.869210574 1.767142405 2.200965845 2.074650547 2.143743997 1.907911081 1.765459787 1.636609131 1.736345846 2.050628022 2.13588033 2.232058057 1.777324373 1.28406744 1.17912201 1.263697074 1.337574942 1.396399518 1.474126991 1.31624931 1.197490353 1.173951848 1.123552219 1.033100043 1.064407888 1.181483144 1.286451976 1.511721037 1.613471292 1.678976377 1.837880704 1.744305222 1.880059291 1.952390968 1.937155981 1.781357214 1.806838771 1.798833573 1.95931936 1.993520669 2.0246075 2.299343351 2.292547713 2.53289094 2.518924392 2.487713966 2.265405424 2.171462968 2.043945407
0 0 0 0 0 0 0 0 0 0 0 0 0 0 0 0.9242697554 1.641523159 1.75158477 1.667071456 1.752618823 1.869788792 1.925590465 1.838893421 1.920765092 1.899159084 1.90843081 1.959367902 2.094976786 1.862853734 1.80915243 1.681870273 1.614858273 1.636134462 1.936920211 2.156406279 2.277153341 1.837384006 1.338317058 1.106567055 1.169425391 1.27331359 1.479111672 1.460622394 1.181441851 1.134338729 1.140500082 1.167475254 1.187627723 1.153230707 1.25395674 1.409723047 1.597696625 1.634787828 1.575498037 1.62158952 1.7639451 1.841263036 2.081372374 2.06255569 1.928087587 1.915587837 2.067558131 2.014901831 2.027982473 2.143293122 2.47261198 2.55338882 2.700719659 2.795044241 2.51272657 2.30014988 2.19047086 2.041895603
0 0 0 0 0 0 0 0 0 0 0 0 0 0 0 1.081945378 1.699861893 1.715897087 1.693938382 1.734076045 1.875514697 1.981387561 1.940234323 1.872238771 1.918369297 1.845584613 1.96742103 1.955476496 1.871082062 1.657226703 1.620115669 1.53865008 1.628167844 1.784232243 2.095249143 2.22317779 1.906950617 1.394298119 1.098802566 1.159900357 1.269898063 1.508802033 1.410443405 1.173937882 1.16957756 1.144956162 1.102384376 1.153109112 1.356485923 1.377345928 1.487399289 1.644752455 1.60213633 1.538995263 1.650530947 1.711690571 1.878022183 2.055620214 2.100619926 1.903238319 1.953475746 1.829541968 1.900785664 2.071246371 2.237773799 2.688645795 2.630614917 2.548085405 2.409929036 2.497620323 2.459388872 2.272537554 2.100454529
0 0 0 0 0 0 0 0 0 0 0 0 0 0 0 1.409433999 1.793973093 1.676407668 1.656552669 1.698135316 1.856901304 2.001117593 2.024593896 1.953437788 1.828955468 1.999334584 1.854731966 2.028910579 1.779063544 1.587731078 1.500922916 1.496068221 1.653980396 1.785045912 1.981099352 2.304074404 1.961645369 1.413317298 1.214912076 1.248252095 1.308569319 1.564751015 1.358505095 1.2397299 1.181981003 1.162843785 1.077814059 1.246394887 1.343619876 1.434518108 1.612194223 1.64426725 1.578795382 1.547365661 1.688552103 1.829833334 1.869413676 2.073889999 2.042865612 2.062756198 1.877308538 1.844591497 2.072040476 2.210000974 2.515138942 2.211198133 2.132947032 2.028374145 1.943334951 2.16068315 2.406622588 2.257467841 2.209910302
0 0 0 0 0 0 0 0 0 0 0 0 0 0 0.8492722398 1.453355468 1.63919135 1.599884294 1.572617901 1.665335517 1.737783232 2.071762311 2.114309863 2.047316709 1.873420314 1.871212039 1.95368688 1.871873376 1.70158097 1.509644874 1.414163183 1.463884184 1.655395846 1.82621631 2.042733985 2.182139911 1.955880058 1.477559433 1.385753146 1.438696819 1.46728913 1.341212715 1.306866435 1.167358901 1.114868544 1.096065838 1.17033367 1.178654194 1.306846216 1.483252973 1.59237863 1.645804759 1.600661373 1.583812695 1.764362288 1.934469038 2.022070724 1.988926182 2.061902393 2.062408014 1.953445713 1.990516767 2.286022132 2.338846248 2.267568636 1.994866109 1.747675613 1.558926837 1.732537487 1.966967832 2.422735619 2.403069452 2.407933181
0 0 0 0 0 0 0 0 0 0 0 0 0 0.5823840041 1.10737726 1.334644561 1.45775278 1.466843389 1.485744663 1.57881042 1.639156682 2.038560508 2.230839431 2.090456825 1.99870027 2.009523215 1.943954569 1.838610446 1.68952175 1.340958964 1.32557641 1.346244935 1.612792504 1.858103408 2.11991874 2.318013387 1.938187026 1.512009698 1.496327423 1.604985071 1.3087464 1.153590992 1.190534212 1.198911373 1.102544308 1.088344017 1.087972401 1.127413615 1.2794415 1.427879671 1.606068042 1.683461365 1.640866767 1.711308513 1.787332754 2.008410882 2.045401633 2.034975222 2.107614679 2.046191073 2.066293402 2.316830277 2.324791027 2.230341686 2.07980683 1.839202612 1.552648828 1.456404166 1.619274136 1.844663306 1.998731887 2.449808463 2.461613409
0 0 0 0 0 0 0 0 0 0 0 0 0.3358926625 0.8379150028 1.072594683 1.238380269 1.329446979 1.338315866 1.447254145 1.556726753 1.779215037 1.706911872 1.81980327 2.285153838 2.371680177 2.148389668 1.937363918 1.9876485 1.545433273 1.220906335 1.182218709 1.323057627 1.453253179 2.049070792 2.221880104 2.238781992 1.964641456 1.666907033 1.595412142 1.534768418 1.304278111 1.113780308 1.129286177 1.140403218 1.147639734 1.12497812 1.117883364 1.133657564 1.261939731 1.375893927 1.611426007 1.71214229 1.735000682 1.794439573 2.041458477 2.138498887 2.100493464 2.093095766 2.230815051 2.111128335 2.296197035 2.271547349 2.215298453 2.011719778 1.892009446 1.783834431 1.520505406 1.476113043 1.594266321 1.7960147 1.99816808 1.983647425 2.117919944
0 0 0 0 0 0 0 0 0 0 0 0 0.6246313569 0.8811580366 1.038275633 1.161820795 1.217619701 1.25651223 1.401626299 1.640679442 1.677326572 1.589748384 1.615295988 1.858841431 2.455071353 2.391240555 2.369936419 1.776140931 1.371162328 1.160531622 1.226153209 1.194267045 1.550793362 2.181024226 2.502305462 2.2249521 1.918687718 1.741683718 1.671295272 1.464151856 1.266423757 1.168463165 1.126984541 1.134986721 1.163878379 1.260461117 1.160952586 1.180114083 1.260822901 1.411394168 1.66271147 1.799682081 1.83086982 1.920669699 2.16356516 2.24993132 2.18517776 2.226973447 2.328197777 2.527937666 2.304282896 2.220787137 2.066620716 1.902311161 1.966523333 1.708835691 1.563091759 1.583111132 1.632157326 1.852818186 1.868372939 1.937334024 1.972035594
0 0 0 0 0 0 0 0 0 0 0 0.2662157573 0.6272042164 0.8839904734 0.9811731821 1.096493599 1.146889755 1.223190292 1.418427665 1.686011645 1.562009586 1.528144955 1.652940937 1.872706573 2.102480458 2.389045118 2.231313881 1.930543786 1.329250972 1.14397182 1.167268977 1.372855525 1.652404555 2.335363717 2.87827516 2.055526503 1.828911343 1.788996333 1.64220579 1.447606513 1.310644925 1.174380906 1.165328443 1.173490857 1.197759989 1.236640921 1.286723417 1.314842925 1.379141386 1.517787979 1.748372083 1.897354698 1.937248052 2.042436252 2.317042704 2.41300265 2.358697011 2.468822435 2.545716465 2.551649698 2.371082824 2.297195693 2.016398562 1.897256773 1.765604815 1.692125834 1.782667453 1.795337248 1.753869076 1.753447897 1.838401605 1.879074741 2.004466957
0 0 0 0 0 0 0 0 0 0 0 0.3215805795 0.6146798363 0.8254324217 0.9414831778 1.05345724 1.142559637 1.256813866 1.445291275 1.555396904 1.515719135 1.546230007 1.773281939 1.748024169 2.0794159 2.122863036 1.928415055 1.926343388 1.546372738 1.304714825 1.246375561 1.524453746 1.99715171 2.923796256 2.441518284 2.015105786 1.755152802 1.729502108 1.662774942 1.403502674 1.332845651 1.198916059 1.203825542 1.230495192 1.268194583 1.288050965 1.432026627 1.551000688 1.602706055 1.635789275 1.842058679 1.95621038 2.031152517 2.161809733 2.473976874 2.646158231 2.635707328 2.614732935 2.581721032 2.429892146 2.315531885 2.188818988 1.929319442 1.842003223 1.761316789 1.729174966 1.727853164 1.744251975 1.791457304 1.850298786 1.834290869 2.039311124 2.082631555
0 0 0 0 0 0 0 0 0 0 0 0.2822138765 0.6785922356 0.8672423608 0.9771868903 1.07804949 1.170268291 1.246859169 1.367587002 1.514738707 1.596271026 1.573726208 1.651472986 1.736955734 2.276365911 1.729634092 1.705604694 1.667836019 1.705154773 1.546585239 1.519638141 1.797214331 2.423075073 2.806097801 2.338900167 1.956019391 1.727375297 1.694793968 1.620320495 1.381231713 1.239388636 1.233114129 1.29200939 1.296461755 1.326086386 1.54118709 1.404418387 1.57752516 1.4804601 1.635590047 1.920741181 1.968069147 2.128950461 2.303949573 2.757636342 2.798422005 2.673963394 2.610565377 2.454695087 2.315606579 2.244702915 2.161259784 1.980188686 1.771878694 1.778669191 1.783563877 1.850074749 1.849187967 2.059839104 2.084676365 2.115116607 2.060137706 2.099604753
0 0 0 0 0 0 0 0 0 0 0 0 0.7584659353 1.000505072 1.039719155 1.120841472 1.162827943 1.246667946 1.33570863 1.451442229 1.578379519 1.647186198 1.723370458 1.915041607 1.87070368 1.715241715 1.555875642 1.608972083 1.621859716 1.747175643 1.747954413 1.95322956 2.912301989 2.527334407 2.11356162 1.868721681 1.760902191 1.71288674 1.572071969 1.390591448 1.27452044 1.279562314 1.302720222 1.354693898 1.548709775 1.437453622 1.428105451 1.473982094 1.709996355 1.760797032 1.956722517 2.098150234 2.174889568 2.587272823 2.966072653 2.891971883 2.735747971 2.501603487 2.343111964 2.263898809 2.193295716 2.037784727 1.953584476 1.916867423 1.772096255 1.825147782 1.906218086 2.177821694 2.183697526 2.042797074 1.974013674 1.774538695 1.753763983
0 0 0 0 0 0 0 0 0 0 0 0 0.6305815174 1.005165869 1.102421337 1.136055554 1.160130915 1.274048741 1.31994354 1.389681442 1.550453865 1.710208585 1.80672467 2.027050033 1.642522351 1.47781435 1.547978128 1.635359162 1.688404738 1.811865725 1.921933136 2.361687291 3.033340669 2.22931004 1.9533655 1.841719773 1.762787824 1.599533351 1.492621343 1.418660002 1.344159874 1.354945725 1.384041387 1.42531438 1.562454624 1.521961412 1.488913004 1.576765497 1.812911752 1.948543192 2.125998592 2.204235747 2.320081084 2.774939032 3.099086702 3.022809931 2.679290914 2.390918256 2.271523281 2.153947328 2.041362664 2.018983124 1.974602632 2.007228813 1.961551666 1.985598411 2.137631785 2.275276002 2.090217573 1.909686221 1.54088506 1.427423323 1.481677759
0 0 0 0 0 0 0 0 0 0 0 0 0.5993987473 1.034930213 1.090869478 1.135923353 1.1882898 1.319157332 1.30994049 1.353031434 1.528078854 1.721665497 1.96381779 1.894095138 1.564151752 1.43475994 1.580221694 1.608791062 1.735167295 1.987340827 2.244036201 2.742081542 2.766486884 2.110614219 1.843866748 1.834573722 1.728012328 1.616253627 1.435567703 1.399465041 1.38247849 1.499924398 1.559827038 1.576669982 1.590858952 1.673808185 1.632491475 1.682671212 2.01530713 2.282247831 2.354700814 2.460053061 2.678357099 3.021999 3.095934141 2.994604879 2.530302314 2.382793797 2.21293579 2.129381635 2.059102694 2.013394432 2.062978576 2.052162931 2.082024011 2.226958085 2.252779442 2.357227646 2.05496565 1.681168723 1.379277319 1.323137796 1.286497529
0 0 0 0 0 0 0 0 0 0 0 0 0.6468611713 0.9970469903 1.095428702 1.138041451 1.267242984 1.320127036 1.328704796 1.343571338 1.49939594 1.733645256 1.834983545 1.713325539 1.614591881 1.523512706 1.53060608 1.569930387 1.898400646 2.121663849 2.776274149 3.053403597 2.481015005 2.02699777 1.835881618 1.766043227 1.730955466 1.613818463 1.464520969 1.438731604 1.466270787 1.578309036 1.583729161 1.621729593 1.693831922 1.843348536 1.813695679 1.983713588 2.420118638 2.652493401 2.74698758 2.886287946 3.008144529 3.010200137 3.158250409 2.938178358 2.670176877 2.446275892 2.274345624 2.126288443 2.097767117 2.133812286 2.144843421 2.173378831 2.223765292 2.264120678 2.396138023 2.325486055 1.991097378 1.625316975 1.409599996 1.308889249 1.283727835
0 0 0 0 0 0 0 0 0 0 0 0 0.6297396091 1.039027484 1.112599852 1.197654448 1.286506705 1.354936911 1.290661505 1.336519679 1.452852881 1.609762866 1.749330416 1.611807974 1.572943647 1.497689359 1.673524721 1.556191218 1.908250914 2.668481022 3.019125982 2.971845956 2.630251397 2.098736232 1.817544447 1.80014616 1.764204571 1.665223089 1.50043797 1.403328446 1.459649322 1.605464717 1.629165202 1.761741402 1.830294452 2.00970001 2.112941045 2.418537789 2.94069886 3.286870752 3.366194485 3.247016252 3.154571618 2.999536158 3.176317839 3.024167351 2.717488518 2.492008467 2.296672938 2.197849901 2.225802583 2.212854487 2.084801323 2.209307175 2.383311817 2.379660342 2.430140669 2.425818703 1.948550149 1.775931478 1.503919089 1.419298443 1.317523949
0 0 0 0 0 0 0 0 0 0 0 0 0.7624494451 1.069916854 1.12016996 1.294294876 1.249727143 1.272595905 1.270352383 1.337725523 1.379594219 1.540536827 1.64233231 1.53521863 1.576288801 1.669168313 1.53908141 1.660486604 2.117229985 2.848159412 3.291993222 3.055274658 2.72622229 2.037889671 1.829333911 1.797019844 1.710938253 1.728898871 1.582491189 1.537264487 1.472468 1.60760156 1.598130499 1.674303541 1.877111169 2.070861899 2.610719027 3.083350879 3.966358878 4.318970585 3.944014807 3.535327066 3.163729953 3.076104781 3.336698082 3.030933268 2.828780278 2.511680464 2.379163914 2.234750656 2.183124765 2.268490272 2.12920868 2.313688801 2.147422734 2.37367766 2.378873587 2.226621267 2.07307962 1.757568367 1.753987515 1.59567345 1.527749679
0 0 0 0 0 0 0 0 0 0 0 0.3857308894 0.7588015715 0.978100098 1.056529781 1.176615644 1.264439621 1.238077794 1.244958737 1.344231756 1.370463133 1.491028456 1.461702535 1.514721783 1.676145693 1.637547802 1.652217721 1.817289637 2.522846681 3.133748717 3.387068692 3.105153099 2.404814363 2.144324641 1.835917916 1.695271362 1.509117099 1.493551108 1.532880512 1.530450516 1.472712204 1.488881361 1.599631248 1.681843351 1.868434024 2.168533668 2.829946934 4.925633702 6.367236919 6.861106623 4.443752512 3.634570711 3.197110163 3.120430338 3.033930897 3.192313204 2.895697419 2.67578854 2.420523298 2.315866974 2.227071396 2.078603262 2.039681346 2.049033202 2.087467487 2.05071404 2.257458516 1.886613009 1.622481864 1.475077842 1.426592153 1.556190635 1.553476692
